1.060
1.365
1.090
4.851
1.127
1.233
4.079
2.989
1.420
9.469
3.475
2.032
2.918
1.142
3.468
3.556
1.062
2.990
4.619
1.190
6.432
1.714
1.248
17.009
5.409
3.100
3.656
1.097
5.494
2.102
2.390
1.904
11.981
23.661
1.761
5.120
1.090
1.470
1.343
2.020
2.278
1.331
1.246
2.374
1.732
1.382
1.599
1.108
1.030
3.853
1.832
1.696
1.333
2.146
1.094
1.675
2.547
3.816
2.199
1.249
1.078
1.032
1.217
1.247
1.664
3.285
1.281
1.270
1.066
1.051
1.077
2.153
38.672
2.119
3.987
1.619
5.273
2.085
3.106
1.085
1.037
1.186
2.383
2.810
1.944
1.049
8.306
3.445
1.010
1.199
1.079
2.448
1.104
3.200
2.495
1.148
1.430
1.515
1.809
1.918
2.751
1.145
1.594
1.597
1.063
1.122
1.860
3.978
2.987
2.048
1.002
1.236
1.192
27.980
11.155
1.281
2.144
4.897
1.195
1.841
1.474
1.336
43.123
1.971
2.101
3.179
1.171
3.304
1.079
2.576
30.772
9.193
1.255
7.458
10.773
1.369
1.117
1.027
1.229
1.221
1.264
9.840
1.063
1.741
1.249
5.522
1.295
2.305
6.911
2.287
1.606
1.511
2.235
1.394
2.862
1.040
1.021
2.348
3.797
1.741
1.074
1.715
1.031
1.303
2.082
2.076
12.541
4.699
1.368
1.219
72.820
4.187
1.322
2.672
6.029
1.593
1.308
1.264
1.097
8.669
1.805
3.942
1.661
7.125
1.683
5.431
1.353
1.829
1.957
5.683
1.101
7.082
1.281
1.099
1.646
3.047
1.048
1.987
1.667
1.497
1.012
1.038
1.041
2.695
1.705
1.684
2.070
2.247
3.540
1.679
1.583
1.716
2.507
3.072
3.914
1.108
3.339
3.685
7.281
1.184
1.098
39.597
1.587
4.720
1.189
1.707
6.947
2.289
1.158
2.256
1.568
1.123
3.146
1.417
5.533
1.138
1.157
1.412
1.404
3.562
1.784
1.331
8.988
1.102
1.981
1.627
4.611
3.466
1.336
1.196
1.115
4.453
1.161
1.676
1.484
1.464
1.223
1.215
1.200
5.823
3.176
1.714
1.973
1.915
1.369
5.808
2.204
1.975
5.206
1.093
2.386
1.156
2.555
1.892
1.191
1.810
1.809
5.700
3.721
12.704
2.487
1.197
2.380
1.723
1.427
4.344
2.090
2.426
3.465
1.689
2.803
4.778
1.606
1.066
1.695
3.049
57.943
3.355
3.041
3.801
9.060
2.109
1.058
10.945
1.590
2.038
4.820
1.363
3.227
1.432
1.078
1.752
1.184
1.911
1.323
1.146
1.365
5.961
1.311
1.445
2.325
1.522
1.125
3.918
1.068
1.475
1.314
10.290
1.459
1.260
4.723
2.207
1.274
3.111
1.844
1.044
2.108
2.426
1.337
1.525
5.515
3.383
2.209
2.171
1.215
3.246
3.986
1.027
1.215
1.068
1.512
1.346
1.511
6.420
2.109
1.164
3.361
6.632
1.079
2.716
1.130
5.213
2.878
1.224
1.544
4.535
1.409
2.144
1.383
2.203
4.032
1.331
1.083
2.011
1.471
1.294
144.789
1.340
63.752
6.566
1.947
4.134
1.004
1.030
1.015
1.288
5.256
1.493
30.133
36.647
2.109
2.115
1.463
1.778
1.119
1.020
7.100
12.568
1.201
1.490
1.268
19.416
1.056
4.253
1.127
29.356
1.318
1.543
1.241
1.002
1.093
1.830
20.347
2.281
1.838
1.245
1.004
1.095
30.297
2.224
5.087
5.279
1.312
1.171
1.416
1.075
3.039
1.098
1.812
1.032
2.272
1.324
1.118
1.234
2.027
2.712
1.487
1.181
2.393
4.815
3.341
1.873
2.598
1.455
8.147
1.268
18.259
2.130
4.665
4.282
2.564
4.323
1.241
7.398
2.088
2.021
15.228
2.375
1.316
1.018
1.848
1.450
1.248
1.573
1.659
2.667
1.025
1.445
2.024
7.086
3.022
1.048
1.529
1.064
1.314
40.341
1.027
1.851
1.770
50.377
1.290
6.658
1.486
1.942
1.025
2.978
1.377
2.032
1.066
1.932
10.648
1.309
4.518
1.701
31.580
11.926
1.568
4.121
1.217
1.072
1.425
2.155
1.249
2.669
1.865
1.227
1.012
3.026
1.048
2.878
2.108
1.461
54.223
1.119
5.194
1.559
1.291
1.165
4.236
2.939
5.520
1.014
1.306
5.706
4.845
2.425
3.610
5.476
1.489
1.133
1.490
1.837
1.591
4.070
3.317
4.057
1.810
2.617
1.105
1.604
2.423
2.785
2.661
1.504
1.706
3.264
14.930
15.140
1.021
1.810
4.061
1.963
5.439
39.171
1.261
1.548
3.137
2.464
3.300
41.260
1.314
1.547
1.408
1.527
1.365
1.020
1.190
18.491
2.945
1.376
51.161
1.328
3.061
5.361
1.126
1.254
2.311
1.748
6.577
4.283
4.392
2.594
2.570
1.288
1.338
1.469
1.152
1.915
1.861
3.004
2.121
1.090
3.349
3.841
35.406
1.078
2.754
1.083
1.179
1.326
2.444
2.318
1.097
4.513
19.676
8.208
3.375
3.066
1.846
1.241
1.290
4.870
1.151
274.513
1.624
1.329
6.091
5.642
4.728
1.793
11.792
2.391
1.155
2.607
1.364
1.171
1.141
1.250
3.542
14.562
1.465
1.001
1.756
1.208
2.026
52.578
2.677
3.919
1.404
5.528
2.704
11.484
1.141
1.460
1.951
1.396
1.073
1.364
2.852
1.430
1.439
1.780
1.087
2.030
2.955
3.292
1.220
3.602
1.165
1.603
2.493
2.230
1.285
2.785
2.268
1.519
1.063
4.508
3.275
1.256
2.071
1.447
5.605
1.094
2.502
1.465
1.040
30.693
2.523
1.809
2.671
2.673
2.889
1.127
1.070
1.622
1.572
1.653
1.153
1.598
2.128
5.649
1.894
1.168
1.080
5.753
1.949
1.337
2.146
2.450
1.276
3.162
1.608
1.026
1.083
1.389
1.111
2.458
1.024
13.573
1.388
1.395
2.462
1.583
2.555
1.016
1.552
1.104
3.336
1.527
7.917
1.595
1.146
1.151
1.629
1.433
2.000
6.715
7.577
1.032
2.329
1.571
2.280
1.519
1.157
1.357
1.298
2.375
1.336
1.910
2.856
1.332
1.425
3.022
2.412
2.389
1.396
1.052
1.011
1.167
4.333
1.054
5.134
1.263
1.349
1.810
1.274
1.032
3.000
7.413
1.940
3.907
1.439
21.150
1.395
8.175
2.033
2.185
1.176
4.662
3.136
1.293
1.521
1.272
13.892
1.021
1.531
2.385
4.502
2.322
1.048
1.772
1.239
11.778
1.039
1.965
2.049
4.024
1.855
3.525
3.101
3.592
3.935
1.829
3.640
27.795
1.130
1.712
1.813
10.321
1.289
1.428
2.439
1.154
1.022
1.200
2.806
4.166
1.056
1.438
2.718
1.126
5.941
1.204
2.902
1.398
1.336
1.050
2.154
1.233
6.697
1.294
1.972
1.454
1.175
2.637
1.310
1.244
1.542
1.455
1.041
5.253
1.289
1.499
1.523
1.259
2.174
1.081
8.697
1.049
6.285
5.013
1.339
1.262
1.315
2.478
4.312
4.490
1.071
6.670
1.144
1.313
35.967
2.717
1.693
1.251
1.739
1.906
5.210
1.285
1.194
1.660
1.012
2.257
1.264
1.204
5.013
1.074
1.230
4.526
1.121
1.536
1.415
1.137
2.649
2.466
6.629
2.101
23.798
1.559
1.046
1.126
2.895
1.924
6.279
1.184
88.292
1.365
3.594
2.321
1.525
1.354
1.922
2.328
1.809
1.385
3.292
1.957
1.868
3.527
2.688
1.242
3.551
1.622
1.050
2.616
1.019
1.652
1.112
1.216
1.064
1.237
1.405
8.882
2.210
35.103
2.952
1.464
8.578
1.340
1.253
1.070
3.088
1.430
17.352
2.175
1.824
1.540
6.595
2.135
5.817
29.545
1.670
1.014
1.700
4.285
2.661
4.004
6.808
1.493
1.043
1.896
1.880
1.219
1.067
1.110
2.528
1.227
1.208
5.028
2.351
1.864
1.149
2.486
1.162
1.060
1.139
2.374
12.972
6.564
5.599
1.097
1.189
3.164
1.813
1.588
1.730
1.433
1.579
1.276
2.042
1.843
1.429
1.651
1.144
4.453
1.190
3.331
1.296
3.557
1.471
1.298
5.232
1.025
1.411
1.689
3.656
1.658
1.824
1.374
6.465
1.977
1.189
2.297
2.394
1.271
1.465
1.322
1.042
117.956
