1.094
1.320
1.936
5.802
3.115
2.512
3.285
1.175
9.419
5.165
2.130
1.106
1.630
1.547
1.430
18.937
5.440
3.547
10.867
13.831
14.639
10.217
1.897
1.305
3.506
1.171
2.264
3.954
1.998
2.575
1.043
3.178
1.019
1.381
3.168
3.138
1.682
1.200
1.428
2.157
1.594
2.391
4.178
6.271
1.112
1.244
1.047
1.346
2.166
9.523
1.340
1.779
3.110
1.095
1.237
4.496
1.962
29.697
2.917
1.658
3.147
1.123
1.070
1.414
1.368
3.382
1.351
1.784
15.921
1.384
1.973
1.163
16.684
6.963
1.702
2.984
1.097
1.469
1.225
6.314
26.949
1.521
1.012
2.208
2.878
2.591
1.599
2.552
4.623
1.061
4.921
1.334
1.021
1.550
5.905
1.158
5.868
3.265
1.372
1.700
1.647
1.050
6.040
1.486
3.697
1.778
1.624
4.930
1.614
1.531
1.195
2.448
1.615
3.429
1.784
3.242
2.812
48.748
1.838
1.676
2.509
2.596
1.374
14.108
1.173
1.260
12.187
1.429
1.964
1.362
1.747
1.093
35.628
15.144
3.580
4.603
1.027
1.164
2.513
2.335
1.101
2.552
12.972
7.664
72.084
1.135
1.796
1.940
1.295
1.149
1.926
3.622
2.055
2.740
1.959
3.235
19.426
1.954
1.397
1.439
1.489
1.716
1.947
1.958
1.646
1.001
12.372
2.019
1.705
1.289
2.523
3.182
2.533
1.110
1.902
5.762
5.674
2.363
7.278
1.603
6.865
1.011
6.351
4.928
15.528
6.951
3.295
3.561
1.280
7.456
4.270
1.113
1.677
1.394
1.364
1.062
2.214
3.465
1.222
1.735
7.961
1.053
1.079
1.097
3.672
1.889
1.457
1.097
1.067
2.345
6.265
1.025
1.042
1.825
6.845
1.362
1.635
4.773
1.072
1.123
5.145
1.222
7.565
3.255
4.616
1.429
1.580
1.806
2.115
3.205
1.924
2.300
2.731
1.745
13.952
1.349
1.583
1.257
1.718
2.274
2.660
1.612
1.329
1.859
1.136
2.126
1.355
3.162
22.007
1.834
1.212
1.859
1.686
1.664
5.686
5.243
1.444
1.158
1.085
1.518
1.253
2.270
7.690
1.013
8.202
1.434
4.415
3.320
2.319
2.549
1.869
86.925
2.053
1.529
21.409
5.393
1.010
2.367
1.360
42.904
5.409
4.511
1.387
6.949
17.762
5.702
1.568
38.580
1.438
1.349
1.702
2.066
3.538
2.216
1.855
1.119
2.884
2.150
2.291
1.553
2.130
3.151
5.454
37.432
2.080
1.785
1.048
1.021
2.480
4.404
1.102
7.749
13.320
2.384
1.388
4.109
1.625
39.655
1.115
2.069
9.309
12.419
1.290
1.634
2.717
1.150
1.076
25.147
1.947
2.096
3.711
2.109
9.186
1.408
1.414
2.736
3.730
2.075
1.137
1.394
5.070
4.875
2.596
6.276
14.296
3.166
1.189
21.486
3.952
1.697
2.682
1.293
1.402
1.612
1.238
1.107
1.448
1.316
2.602
1.263
2.115
1.375
1.351
1.341
1.897
7.561
1.165
6.378
1.212
1.445
1.161
1.699
3.539
1.760
5.241
4.702
1.469
1.610
1.602
4.208
1.262
5.616
5.010
1.324
1.156
1.221
2.029
1.169
1.239
2.248
1.236
1.425
2.090
1.097
1.612
1.440
1.067
2.821
13.659
3.935
2.016
1.345
1.275
3.934
2.424
1.850
1.709
5.124
1.403
2.017
1.706
1.018
2.714
2.323
1.612
1.454
1.777
2.711
13.381
3.651
1.308
3.915
1.344
5.495
3.731
1.610
1.364
1.001
1.143
2.387
1.039
7.612
4.609
1.063
1.125
1.523
1.128
1.934
2.652
1.155
1.468
5.504
1.652
1.319
4.098
1.051
1.498
3.069
2.636
1.096
1.233
1.440
3.921
9.630
1.264
4.176
1.826
2.151
4.997
4.884
1.205
1.707
6.979
5.702
1.151
1.025
1.334
12.010
1.341
1.880
2.073
1.128
4.986
7.455
2.503
1.209
2.011
1.220
1.458
4.400
1.276
1.002
1.643
2.052
1.338
1.248
1.102
2.933
2.481
2.794
8.611
1.472
2.013
1.240
1.045
3.068
2.650
1.217
1.353
3.526
2.692
4.917
4.326
12.051
94.464
1.235
6.934
1.724
4.926
2.003
1.103
6.336
1.221
1.722
2.109
1.087
1.792
1.446
13.506
1.041
1.099
1.119
2.182
10.330
9.522
2.776
1.270
2.710
1.003
4.154
2.020
6.833
1.079
7.049
3.927
1.007
4.729
1.488
1.226
1.844
1.869
2.016
43.135
2.900
2.814
1.380
1.516
79.562
1.201
5.401
1.029
1.051
1.447
2.102
1.165
2.246
1.209
1.374
1.731
1.163
1.456
17.552
1.181
2.163
2.063
2.399
1.077
1.925
1.064
2.533
1.303
1.185
6.165
3.880
2.958
2.016
1.881
1.282
11.633
1.966
1.496
16.499
1.993
1.877
1.022
2.879
3.910
2.649
2.406
3.189
2.269
11.876
1.289
3.052
3.364
1.033
2.321
1.365
1.597
1.918
3.370
1.219
1.100
4.387
2.168
1.035
2.447
1.746
1.074
1.661
1.151
1.280
1.421
1.026
1.055
2.719
1.411
4.184
3.825
4.792
2.373
3.818
1.056
1.548
2.373
1.067
1.299
2.328
12.263
4.934
4.072
1.340
1.551
1.245
4.369
51.076
3.035
1.223
2.280
3.599
1.496
1.880
1.067
1.371
1.002
1.032
2.656
2.010
1.469
9.657
11.734
1.707
1.703
1.829
1.611
1.167
1.692
1.121
2.261
1.284
5.263
5.331
1.093
1.584
1.031
12.659
2.868
1.528
5.241
1.048
1.445
2.123
10.112
1.883
1.220
1.736
2.358
1.032
1.216
1.256
5.452
8.540
1.245
5.686
3.514
1.725
4.503
1.940
7.210
10.139
1.201
3.484
2.018
4.775
1.269
1.166
5.761
1.102
2.131
1.210
2.505
3.294
2.516
3.501
1.482
1.474
1.404
1.231
1.834
1.054
2.280
4.908
2.115
1.035
1.915
6.807
12.456
1.973
1.342
1.905
3.736
7.352
2.369
1.797
82.222
1.841
5.032
1.832
1.024
4.281
2.185
23.003
2.433
1.156
8.027
1.508
1.578
1.603
1.446
1.220
3.480
1.296
2.784
1.603
1.899
6.203
2.135
1.264
1.257
1.190
1.141
3.727
1.393
1.301
3.169
8.359
1.258
1.409
1.755
2.093
5.127
3.288
5.580
12.398
20.894
2.153
2.964
3.215
1.668
3.532
1.030
1.309
2.240
1.185
2.028
1.102
3.689
1.228
1.458
104.168
5.536
1.038
1.965
1.480
7.270
1.939
1.738
1.248
1.364
1.272
4.156
1.504
5.463
8.135
1.129
1.039
1.806
7.573
3.030
1.540
1.352
5.962
1.309
1.219
1.791
2.425
2.106
1.639
2.863
9.392
1.328
6.878
4.092
9.714
3.591
15.321
2.171
2.216
1.569
2.160
2.105
2.156
1.449
1.967
1.944
1.517
1.144
2.255
2.123
1.245
1.108
1.755
1.532
2.602
1.272
1.875
1.337
1.154
1.260
10.393
3.846
2.014
2.535
1.642
32.669
2.447
2.543
2.949
1.128
1.675
1.205
5.989
1.533
2.529
1.480
1.283
4.576
1.128
1.409
2.120
1.876
1.183
1.774
8.546
2.081
4.095
4.326
1.200
1.248
1.244
4.661
1.560
1.199
2.671
12.596
2.252
1.789
1.154
1.019
1.089
1.154
2.817
3.665
1.034
31.036
3.029
6.811
1.155
5.330
1.612
1.908
1.340
7.988
2.387
4.268
1.128
1.582
1.016
1.706
1.631
1.056
2.706
8.862
4.423
1.196
1.680
1.161
1.162
27.402
1.892
1.271
1.913
3.063
4.928
8.021
1.197
1.598
1.430
7.741
1.993
1.564
1.488
4.297
1.476
1.003
1.290
1.257
1.075
1.386
1.438
1.510
1.493
14.555
1.290
5.135
2.333
1.335
1.221
9.117
1.184
6.299
17.470
1.188
1.089
1.014
18.526
1.295
1.264
1.040
1.026
4.009
1.104
2.846
14.104
2.606
1.157
1.020
1.760
1.532
17.201
1.723
24.127
2.368
1.470
2.030
1.204
4.739
1.359
3.582
1.474
2.219
20.138
1.681
1.481
1.077
2.507
1.845
1.039
1.303
13.800
1.336
1.484
4.158
1.656
1.851
1.635
5.740
2.287
1.181
1.394
1.192
2.345
6.322
1.268
1.901
2.026
3.142
1.978
1.063
14.264
