1.005
1.051
1.408
1.390
1.288
5.496
14.073
1.597
1.723
9.909
1.448
1.755
2.408
5.388
1.046
11.506
62.942
2.105
5.293
3.471
1.301
16.583
1.049
36.438
1.318
4.111
6.056
3.534
2.758
1.896
11.538
63.727
1.265
6.086
4.355
1.750
22.603
3.651
8.387
2.030
1.769
16.330
1.719
61.554
3.181
22.799
6.505
8.976
1.359
1.681
1.165
101.856
4.532
1.991
1.538
1.629
1.249
2.271
3.322
1.202
2.307
5.840
1.201
4.278
3.928
1.187
1.698
1.844
1.722
2.488
51.799
2.306
1.246
54.162
1.602
6.746
3.857
1.751
3.253
1.195
1.073
1.651
1.144
11.964
1.054
1.884
1.846
1.369
28.015
3.710
32.208
85.236
1.191
2.088
2.537
34.142
46.611
1.503
1.054
64.265
137.257
68.200
1.639
1.107
1.576
1.718
1.389
7.328
16.247
9.521
2.064
1.820
1.155
5.045
3.234
1.047
19.141
5.238
2.010
1.655
2.438
3.493
2.591
335.475
7.833
1.863
33.790
3.717
1.761
1.120
8.392
2.722
2.118
1.263
68.191
1.073
42.085
1.338
1.676
1.230
1.458
1.084
1.052
1.275
1.893
2.787
1.200
1.490
22.725
3.333
5.301
6.096
1.157
2.196
6.850
19.805
1.153
1.060
1.291
1.650
1.702
3.291
2.378
1.865
2.467
1.238
1.352
2.375
1.791
1.408
8.165
1.819
6.590
5.950
4.919
1.518
4.282
8.308
2.604
2.160
1.694
27.904
2.860
2.683
1.112
2.113
4.296
2.193
7.066
1.074
1.311
1.454
6.025
9.783
8.476
2.507
4.349
1.377
1.471
1.210
9.964
1.656
1.846
79.451
7.140
67.165
2.610
1.340
1.198
2.029
61.967
1.174
1.984
12.444
14.108
3.489
2.887
1.602
8.037
6.757
2.000
1.362
5.355
177.971
7.447
147.045
2.502
5.103
8.420
1.430
3.028
1.787
6.137
11.902
6.420
2.802
1.241
1.037
1.668
1.045
2.468
1.221
3.256
1.473
2.626
6.221
1.049
1.108
2.927
2.084
9.520
1.163
4.313
1.055
2.175
3.385
1.030
1.623
2.330
1.464
2.374
10.568
28.167
1.601
1.224
9.286
1.149
8.564
1.675
2.262
2.135
2.828
1.333
3.433
2.869
1.074
1.743
1.045
4.348
1.511
44.879
8.894
16.743
1.749
4.716
24.356
2.946
40.316
4.255
1.035
6.062
1.371
2.422
9.531
1.171
3.350
1.280
2.648
1.144
2.904
3.694
1.673
1.182
7.920
4.608
1.179
4.566
1.162
16.673
2.943
4.657
16.196
5.523
1.395
4.150
14.894
1.234
2.041
2.100
4.109
4.897
1.281
1.212
2.107
7.004
7.338
1.257
1.566
1.346
1.226
6.851
2.093
2.109
5.192
1.838
1.176
2.400
1.548
4.017
1.477
3.637
1.178
5.374
1.659
1.729
1.022
5.155
1.455
1.689
2.497
1.975
2.971
1.137
7.165
3.085
1.810
1.112
11.661
1.069
1.139
1.313
1.417
1.101
1.121
16.942
3.318
1.126
4.477
2.855
9.437
2.234
13.674
1.788
1.294
4.527
7.235
5.979
21.388
1.228
39.695
1.069
10.181
1.251
1.487
3.169
2.950
1.782
19.516
1.789
1367.773
3.261
5.666
1.800
1.114
17.231
1.020
55.819
4.139
12.398
6.479
1.431
1.316
4.928
4.163
2.526
1.155
7.860
2.538
6.378
1.803
39.094
12.350
1.837
8.422
2.121
2.165
1.196
2.876
60.086
8.228
1.127
3.685
1.563
1.549
4.091
1.016
3.862
1.533
1.251
8.141
1.315
1.095
1.078
3.417
1.196
1.120
5.319
2.934
1.464
1.089
1.044
13.190
22.185
2.522
1.727
1.216
3.256
20.671
1.442
3.169
1.359
1.247
241.912
3.334
14.811
3.849
4.316
7.940
9.390
1.012
9.911
7.529
5.225
2.345
1.390
1.543
1.129
1.666
5.255
2.412
1.239
2.013
4.014
4.924
1.911
2.379
5.949
44.073
1.419
20.348
7.912
4.383
1.617
5.863
2.858
22.310
3.788
1.622
2.180
2.897
1.449
3.881
1.738
1.180
2.946
1.835
1.013
2.120
1.693
4.829
2.796
1.064
1.137
5.470
2.968
1.097
2.853
7.532
1.079
1.085
1.250
1.391
4.398
2.549
1.146
1.644
6.585
1.156
1.273
2.715
1.771
1.348
1.501
7.457
1.561
1.908
3.200
1.130
1.671
4.050
2.628
21.527
2.189
1.038
1.528
26.833
2.233
3.928
1.642
2.222
3.957
1.545
1.042
1.116
2176.382
35.368
1.053
1.131
2.886
1.084
32.046
21.230
8.986
1.398
6.234
135.496
2.881
5.828
2.622
1.135
15.888
11.886
1.456
2.300
1.534
24.401
1.920
1.654
1.437
2.840
1.001
1.219
4.343
1.588
1.052
2.413
14.036
3.490
1.984
1.145
9.106
1.909
45.055
1.764
4.212
6.192
3.226
3.846
1.847
563.564
19.698
1.805
1.098
4.413
7.768
2.844
6.668
1.309
4.402
2.349
1.292
1.223
4.757
2.064
3.147
5.243
1.564
4.305
7.878
3.805
2.336
2.128
121.456
1.288
1.624
1.455
4.770
1.482
4.453
1.509
8.270
9.890
22.290
3.383
1.266
1.452
42.973
2.210
1.569
24.261
2.089
8.785
1.139
2.855
1.539
2.367
5.454
1.484
8.318
1.849
2.370
3.127
8.566
1.768
3.118
2.112
1.357
1.149
1.474
1.519
1.336
1.370
1.083
1.456
9.406
1.416
4.003
5.967
25.661
2.602
22.951
1.455
2.525
5.591
5.508
1.494
4.313
8.916
1.980
1.282
14.005
2.073
1.087
2.579
2.340
4.617
1.332
1.692
1.562
1.579
1.587
4.007
11.078
1.704
5.289
1.354
4.204
1.756
1.739
1.132
3.677
1.365
2.427
1.948
1.368
9.422
1.794
1.238
2.072
1.095
3.812
2.265
10.056
2.710
11.705
2.286
2.816
15.596
27.991
3.146
1.092
1.526
16.721
8.759
1.104
1.383
46.941
3.409
1.944
1.526
16.228
2.260
6.242
5.718
7.193
1.785
1.281
2.684
1.021
1.714
5.115
18.109
1.714
18.120
2.091
3.601
6.236
5.001
348.052
1.235
1.442
1.047
534.430
1.127
2.913
1.783
39.863
1.033
27.537
1.139
1.049
9.634
90.035
1.770
12.861
2.271
1.276
5.183
2.692
2.796
1.425
15.860
8.147
1.551
7.640
21.747
1.043
1.541
1.397
8.236
1.114
6.960
1.347
3.466
2.264
1.435
1.808
8.198
3.282
1.239
1.019
14.953
1.056
1.548
1.112
2.124
1.577
15.667
2.333
1.059
3.281
1.094
5.662
85.933
1.165
1.464
8.939
1.353
1.297
4.138
5.031
2.715
3.346
1.724
5.201
6.174
1.299
1.015
2.212
1.158
15.310
22.386
1.061
1.328
1.869
1.143
290.199
3.014
2.257
2.276
19.391
4.362
5.655
1.156
2.847
2.388
1.029
1.842
12.073
1.836
3.938
1.280
14.879
2.156
3.606
1.456
4.003
3.529
1.249
11.027
2.407
8.675
5.650
9.752
2.151
10.818
1.108
3.492
1.260
4.756
36.498
3.041
2.401
1.651
1.089
1.335
3.199
4.931
1.410
5.935
1.774
6.613
1.405
2.291
1.530
2.195
4.143
4.453
1.169
2.036
5.667
2.340
1.267
49.151
70.972
5.010
1.833
8.436
2.261
14.466
1.526
4.605
3.363
1.435
1.663
2.326
3.957
5.171
1.214
1.914
3.757
10.376
2.641
41.413
12.265
1.661
1.453
5.536
7.909
3.835
1.636
2.311
8.700
2.278
1.068
41.979
1.504
2.573
2.353
2.101
1.577
8.205
5.097
1.749
8.301
1.125
20.891
4.577
1.035
16.918
18.144
1.008
1.191
1.547
2.902
8.748
3.055
11.401
1.262
2.257
4.572
13.551
1.354
2.537
13.428
2.005
1.352
2.873
1.415
5.669
5.035
8.441
5.884
3.467
1.674
2.343
1.963
1.127
1.381
1.193
3.077
9.748
4.092
4.020
4.457
3.700
3.947
1.738
2.501
11.786
6.062
2.485
1.686
1.550
1.145
1.721
1.032
9.046
1.701
3.340
5.790
1.286
3.710
12.130
2.491
1.765
1.026
3.946
1.363
1.129
1.148
7.752
1.337
246.647
1.100
54.213
1.172
1.087
1.472
2.879
2.236
3.612
3.319
1.204
1.572
1.213
1.532
8.743
1.238
26.205
