3.442
1.067
592.898
3.114
1.532
4.392
1.157
2.002
1.418
1.994
2.139
2.036
18.952
10.509
63.140
10.856
3.866
11.745
1.956
8.180
1.141
10485.070
2.507
1.113
1.071
13.337
4.955
5.726
1.575
16657315034.078
4.000
1.052
1.286
1.292
8.235
2.760
4.631
9.696
5.801
3.013
2.814
1.810
2.941
2.496
2.402
1.013
6.736
56.771
1.218
4.547
1.730
1.847
1551.700
2.253
1.456
2.234
3.537
2.418
2.354
2.885
33.992
4.619
7.025
1.197
2.284
1.457
1.568
28.352
9.764
1.377
1.418
12.976
65.491
34.651
4.072
1.857
58.112
9.590
2.011
4.552
79.884
59.351
12.320
3.055
7.097
3.387
10.340
1.206
1.523
1.936
3.347
5.122
4.183
177.375
13850.942
23.624
2.321
50.204
7.055
2.368
2.575
10.271
487.288
2.014
5.528
1.337
18.047
74.612
16.024
9.765
2.166
2.472
18.309
2.071
13.291
2.244
1.924
195.602
1.656
53.620
36.494
10.656
9.587
1.353
8.161
3.492
1.025
1.217
1.142
3.299
2.586
1.587
3.210
1.617
2.625
10.550
1.744
258.946
2.147
274.083
1.497
2.083
1.125
7.099
7.299
1.172
22.697
7.651
14.705
701.509
1.739
4.283
18.712
29.056
1.970
30.014
1.239
3.321
1.375
1.540
1.215
1431.875
80.720
3.143
3.638
21.156
1.955
5.864
78.591
3.176
1.590
2.558
1.014
1.062
4.284
1.823
8.408
285.931
2.149
3.979
1.025
104.061
2.447
5.317
3.231
3.962
2.705
1.091
1.205
5.236
4.193
1.441
2.802
4.532
4.399
19.017
4.500
3.449
11.631
1.747
41.549
1.184
317.250
163.458
9.614
1.406
17.670
18.206
10.059
12.318
1.259
2.494
15.083
1.405
21.279
1.128
1.280
2.018
4.491
14.350
8.377
1.342
158778.222
732.059
13.886
1.767
7.566
1.792
5.037
3.217
3.042
1.007
3.210
9.246
4238.651
32.185
39.544
1.247
1.865
1.155
13.369
3.684
4.888
1.667
1.394
2.128
3.123
44.562
9.193
8.984
57.029
13.277
13.173
1.854
11.555
394.268
5.797
2.172
6.483
125.258
10.844
1.306
2.268
2.736
1.866
1.228
6.556
2.464
10231.934
71.594
1.339
6.429
346.391
10.087
1.801
47.120
462.929
72.258
2.387
1.909
1.353
2.474
125.899
14.454
7.128
3.323
5.490
1.712
40.657
1.310
2.572
2.471
7.439
2.552
85.820
1.346
3.723
1.863
17.106
9.764
1.006
152.174
1.540
1.802
2.222
3.274
1.371
1.584
3.266
1.349
1.146
1.295
76.297
2.180
5.698
55.485
2.004
24.896
3.551
3.306
2.412
2.009
3.121
1.070
3.579
2.156
7.107
2.149
305.791
7.384
1.551
169.181
1.032
20.080
2.810
1.282
60.699
4.261
9.188
2.721
1.110
1.306
1.090
22.828
1.039
405.943
1.343
1.835
1.074
1.070
1.238
38.484
3.179
1.664
2.791
2.555
26.128
359.669
1.608
43.765
1.960
1.308
6.188
49.717
6.302
4418.973
24.992
3.838
1.411
76.289
1.932
3.005
8.376
1.144
1.731
129.062
1.936
44.896
806.443
185.094
5.731
2.677
1.860
2.235
40.297
1.226
50.402
1.829
2.408
1.310
1.991
1.350
5.929
8.923
21.346
240.105
53.130
3.844
5.466
14.117
1.926
1.377
1.080
1.006
15.774
73.271
2.384
2.767
3.753
12.553
118.766
2.504
1.609
2.965
6.397
1.205
5.894
51.951
1.712
1819.899
6.420
1.194
1.596
2.222
2.371
1.943
1.021
6.308
44.463
28.530
6.501
26.667
20.657
143.626
84.032
1.916
144.716
17.089
3.754
33.925
60.445
1.952
11.538
1.774
5.184
6.315
2.095
1.479
2.850
11.935
9.750
2.981
2.399
16.792
4.489
30.817
3.752
11.876
1.641
1.050
8.980
1.418
1.006
11.218
1.736
1.554
269.111
16.613
6.150
2352.276
4.847
2.679
24.651
1.576
8.392
4.171
1.909
3.077
5.508
7.067
10.677
2.007
126.327
1.240
2.068
1.004
6.176
1.423
4.635
1.792
1.287
5.077
21.123
1.836
239.066
241.409
280.430
1.150
14.504
1.399
2.901
590.540
4.424
2.302
6.133
835.746
2.378
1.737
3.235
1.298
8.483
4.028
1.574
24.298
2.622
3.060
9.147
4.246
72.741
368.325
412.282
1.235
2.862
19.066
2.323
4.427
8.378
30.868
35.714
31.627
2.071
45.710
16.567
6.858
3.631
8.216
52.831
2.214
18.390
1.528
612.858
3.868
1351.157
6.228
1.300
1.709
1.115
2.582
1.570
1235.987
1278.023
1.901
3.978
1.327
22.164
10.614
1.441
2.113
1.539
70.017
2.363
154.198
3.921
1.963
589.315
527.471
2.764
16.527
3.583
3.379
18.771
2.117
1.758
11.916
46.024
113.422
5.148
3.156
7.619
1.383
6.433
26.918
4.566
2.290
1.143
1.959
16.295
3.396
13.562
2.855
7.121
1.694
1.919
1.126
7.180
3.167
35.931
2.087
811.998
431.503
141.127
1.951
16.913
3.250
84.390
8.991
6.071
9.967
1.555
3.267
1.589
3.611
2.283
1.844
2.002
4.481
1.251
2.072
6.673
3.437
1.211
11.913
6.840
1.530
3.249
7.466
1.083
2.932
1.064
1.132
7.899
1.086
16.697
93.055
8.118
2.970
1.415
18.957
28.710
2.183
10.188
6.623
487.519
7.747
3.166
3.306
1.057
2.051
10.451
19.324
14.900
1.328
207944.663
1.401
2.125
2.790
1779.968
27.177
1.620
1.995
33.091
1.128
16.992
1.022
16.906
3.160
232.769
100.143
59.003
2.415
902.071
2.049
17631.186
3.327
4.015
14.860
528.989
1.917
21.138
2.558
3.002
1.504
56.129
1.008
5.445
4.355
264.622
5.061
1.449
26.888
18.621
1.927
6.327
1.098
4.382
1.290
1.120
1.426
16.874
106924.840
8.137
18.998
1.346
25.073
244.181
42.502
2.832
1.069
2.123
13.439
861.419
242.204
72.756
1.919
1.369
1.034
12.299
1.196
5.278
21.474
8.301
1.460
1.472
2.107
3.567
10.653
148.109
4.490
4.388
2.684
1.898
34.477
5.057
2.041
18.219
1.640
4.351
1.049
7.839
47.297
92.976
1.231
1.281
218.552
1.339
94.269
19.179
13.120
1.157
50.312
133.127
113.922
42.032
6.699
1.818
1.655
8.324
6.005
1173.536
4.649
2.683
3.000
1.123
6.432
1.197
2.975
14.306
3.359
3.405
7.749
2.837
22.338
5.999
5.701
471.281
8.924
1.548
2.295
32.256
473.470
2.623
42.786
1.465
501.619
95.100
2.667
3.331
5.690
3.470
17284.303
3.326
1229.880
1.651
14.994
27.936
242.183
3.525
1.455
43.160
9.257
311.419
6.811
52.918
56.932
882.766
7364.930
5068.235
1.288
6.326
8.310
1.098
24.805
1.533
6.136
1.223
24.708
1.338
4.356
1.183
1.782
13.147
2.688
2.760
8.352
2.257
1.015
3.200
4.497
7.952
7.432
3.157
1.868
38.669
3.046
1.738
2.020
1.076
14.767
28.320
656.751
1.461
3.051
2.250
1.655
362.881
2.488
1.483
3.894
1.118
9.677
1.531
5.034
2.276
1.870
7.325
89.801
3.525
43.584
1.312
43.162
2.010
1.713
1.661
2194.501
1.021
1.593
3.402
400.471
1.393
56.598
8.184
5.620
307.215
3.710
4.356
1.027
83.243
12.681
140.002
139.003
5.134
5.693
1.831
1.311
1.095
1.088
1.176
1.160
3.220
1.155
1.236
2.422
2.308
783.322
480.589
965.526
1.567
3.292
9.734
12.679
40.375
70.358
165.448
5.192
1.358
2.377
1.006
3.787
1.425
1.688
2.050
2.194
1258.176
1.134
1.596
5.555
40.381
5.465
2.478
11.514
9.875
2.256
3.259
37.186
2.016
2.766
1.691
3.642
12.199
1.441
13.686
3.820
5.139
106.150
33.348
6.937
1.481
2.533
31.596
22.821
1.026
51.171
7773.239
1.904
2.183
1.673
37.193
17.404
8.607
1.524
1.008
6.568
2.388
1.676
4.919
31.807
8.534
3.685
3.409
1.136
1.861
1.689
6.553
6.201
1.482
9.460
1.981
1.739
40.320
27.364
1.419
1.998
32.762
1.152
1.633
26.980
1.213
2.565
2.240
2.821
40.106
1.006
382.690
1.327
2.936
1.771
4.547
3.984
1.157
1.472
8.112
4.548
149.080
13.605
52.167
3.832
1.602
9.849
53.186
4.746
