2.740
228.715
3.849
2.282
3.958
7.469
1.680
1.539
2.764
16.743
1.212
432.280
41.695
48.987
1.355
3.337
1.171
1.050
1.062
1.352
1.465
7.311
1.461
3.211
2.395
1.702
290.147
4.486
1.718
49.839
60.951
10.043
1.122
3.857
3.651
313.295
11.472
1.291
1.778
9.582
129.043
15.893
20.631
10.889
8.266
4.116
2.320
832.414
5.436
202.276
20.251
31.068
16.319
10.440
45.735
2282.314
15.861
1.268
62.538
1.080
1.722
1.528
1.056
105.559
13.814
1.231
37.124
17.231
1.140
1.537
2.070
39.550
1.171
1.166
3.327
4.775
1.195
5.600
18.919
1.598
95.605
135.448
29.837
3.357
21.209
2.279
1.704
3.229
2.436
2.227
2.992
4.073
3.192
1.004
13.364
1.387
25.272
4.011
32.606
229.088
1.636
3.137
1.110
1.426
1.208
1.107
1.232
449.458
1.497
26.458
2.523
3.329
1.152
2.471
5.765
4.148
5.898
156.856
1.393
1.449
1.119
4.727
1.163
1463.344
104.604
1.226
2.257
1.584
4.646
2.241
1.140
1.492
6.088
4.539
17.546
81.471
3.282
81.881
1052.819
7.479
1.943
1.101
38.973
2.102
3.682
19.049
160.816
13.774
3.777
6.348
24.533
3.456
74.780
4.382
2.718
1697.212
1.679
10.771
3.804
5.336
1.704
9.691
15.671
166.004
21.531
4.047
3.174
1.769
1.822
1.427
3.102
2.337
34.062
5.852
1.988
10.121
1.530
500.941
6.677
2.439
1.162
1.514
1.522
3.031
1.689
1.173
2.063
3.555
6.642
12.075
9.470
1.592
1.892
1.392
1.389
7.634
1.073
53.144
1.952
3.741
1.592
1.548
19.251
1.558
8.399
1.310
61.620
46.561
3.857
3.696
1.740
43.746
5.416
2.837
45.426
1.032
24.176
3.797
1.813
3.826
1.134
1.193
1.964
46.611
2.855
10.765
1.584
1.087
67.897
277.052
44.231
4.910
3.976
1858.561
26.870
5.014
18.833
1.344
12.265
2320.108
2.960
143.617
5.096
2.050
2.709
401.298
6.170
23.180
2.324
2.614
1.388
3.956
2.551
5.233
2.806
8.641
1.076
11.192
60.693
30.099
3.773
1.150
1.188
472.131
5.495
30.128
24.118
6.024
19.411
1.340
5.057
48.481
2.865
4.251
1.101
6.039
1.173
29.327
13.843
11.694
715.358
302.148
1.945
29.413
14.135
10.339
8.937
10.607
19.119
11.571
6.128
8.227
3.704
11.728
1.204
77.314
17.335
2.573
2.087
1.084
2.190
1.051
25.642
2.517
15.886
105.443
1.216
1.747
12.026
8.310
2.345
1587.467
402.518
3.211
6.444
29.385
4.728
1.360
4.956
1.976
1.130
1.995
2.216
1.453
1.922
49.614
18906.664
2.662
3.516
7.590
2.457
15.841
1.038
3.311
1.972
9.196
3.394
348.487
1.645
790.265
2.528
39.275
3.858
1.239
3.113
1.172
52.764
2.685
1.295
1.287
174.404
23.806
1.250
22.204
2.171
3.791
30.489
1.220
55.757
5.173
4.004
11.318
1.239
1.006
11.119
2.931
1.033
5.549
1.615
11.202
1.345
4.495
1.916
2.104
2.160
27.280
1.635
5.831
2.971
1.552
2.060
33.535
2.062
1.079
1.149
2.084
9.689
234.637
67.199
264.156
3.393
11.977
1.203
2.112
1.515
5.841
2.392
1.886
1.586
1.762
6.198
1.013
1.260
1.760
21.875
1.086
3.903
1.837
3.698
1.205
3.066
2.048
170.375
1445.409
11.330
1.535
40.903
3.983
12.231
6749.347
1.263
35.793
15.532
7.033
4.080
3.330
20.199
1.109
1.887
28.014
735.635
141.546
2.875
1.682
17.408
2.456
41.878
16.267
3309.445
16.874
1.555
2.894
106.766
4.062
1.205
170.938
4.430
1.295
103.739
1.421
5.430
2.149
8.843
21.495
10.678
2.123
7.582
1.070
33.564
1.188
140.647
19.269
2.055
1.687
7.664
21.196
4.740
5.167
5.526
4.322
3.077
2.533
3.970
1.264
6.974
661.661
2.971
17.489
20.717
1.898
3.353
8.511
1.002
3.094
2338.255
1.152
3.619
3.106
15.278
1921.428
30.033
3.770
2.591
5.803
1.832
1.271
20.800
4.859
1.146
62.837
4.878
1.575
4.170
4394.948
7.579
55473.368
1.181
2.365
3.007
1.244
3114.436
1.754
11.203
1.150
1.178
9.206
4.349
1.059
19.654
3.355
39.810
40.683
70.024
1.191
38.272
22.333
1.808
4.620
9.018
1.585
14.480
2.746
2.053
1.492
1.205
6.682
797.225
1.600
6.277
6.698
4.373
11.917
54.356
3.438
1.166
30392.871
69.592
7.976
4.341
63.049
62.214
1.036
2.998
3.651
2.556
12.922
1.036
5.288
23.132
1.598
2.597
61.857
1.453
1.857
3.240
4.446
7614.266
1.231
2.078
1.928
79.184
1.681
8.055
27.534
1.027
3.826
2.508
25949.414
65.222
2.085
57.518
297.434
75.435
6.132
7.175
1.255
4.023
87.713
1.835
2.177
2.283
1.712
1.105
11.600
5.690
3.012
6.311
2.996
104.489
1.123
116.011
11.606
4.165
311.416
12.221
9.016
34.196
4.997
3.514
2.306
1.649
3.332
2.010
3.045
19.426
5.629
2.353
1.255
1.270
10.787
26.021
2.587
20.147
1.195
2.869
4.626
146.716
2.830
1.728
10.620
11.274
1.240
5.210
1.627
2.127
5.124
1.290
24.908
1.866
7.067
1.256
1.119
57.814
13.894
2.352
73.771
12.632
2.866
2.260
18.750
1579.208
50.724
1.552
78.091
88.584
6.739
5.726
6.197
43.364
368.717
1.100
4.470
3.191
49.609
1.318
6.057
1.072
1.092
1.902
25.868
545.544
127.609
1.174
3.143
1.258
1.080
1.517
5.231
21.640
16.748
1.453
6.166
20.697
5.402
48.697
1.465
2.278
3.210
10.787
506.107
23.158
1.662
6946.483
8.871
32.433
1.265
2.284
2.262
1.315
4.921
539.393
7.974
1.554
1.781
6.351
7.237
8.774
2.358
10.264
1.174
1.423
1.236
1.108
2635.671
1.420
190.154
1.463
2.899
1.547
1.449
155.800
9.185
5.652
2.383
2.132
1.360
24.342
1.364
78.892
22.295
1.163
2.571
1.635
1.046
1.361
2.140
1.068
4.260
1.007
1.851
4.087
45.936
2.523
11.664
42.720
18.080
6.350
7.239
7.761
176.027
1.187
35.508
164.533
3.116
1.374
1.381
9.182
21.477
2.691
58.287
3.103
7.917
1.323
42.928
10.897
6177.622
3.607
347.550
2.732
1.027
1.348
1.498
1.202
5.322
1.917
1.613
1.546
1.656
1712.701
7.737
1.599
35.508
2.065
1.568
3.863
2.132
1.173
1.324
2.016
2.650
24.504
2.687
14.675
1.240
24.865
6.334
2.060
2.074
2.209
1.259
10.199
1.854
11.988
2.185
11.517
1.211
7.230
1.616
548.899
16.489
2.616
5.945
8.079
6.999
9.207
3.890
3.173
12.383
29.242
2.578
1.792
2.020
2.374
1.594
1.155
6.444
1.966
5.297
4.728
1.996
19345.512
2.473
1.447
1.712
1.099
1.180
2.825
410873.163
1.874
1.259
44.976
3.186
1.061
1.341
2.333
13904.718
20.171
2.015
1.598
1.831
5.422
2.466
4.161
1.459
9.602
1.268
1.052
16.376
2.388
3.937
6.511
71.593
124.006
3.709
2.019
14.923
12.851
20.396
1.259
1.352
3.271
7.008
3.141
4.768
2.170
10.395
1.038
2.149
3.017
4.126
5.313
16.021
1.357
3.490
570.637
10.135
16.394
1.143
5.625
1.154
3.975
1.228
6949.919
60.870
10.041
2.207
1.590
1.409
38.756
3.281
7.514
12.006
38.913
2.005
45.723
895.966
1.371
124.076
1.900
1.217
1.076
296.216
2.223
140.614
2.757
1.105
13.244
27.962
2.002
10.667
2.161
1.095
745.826
2.487
10.449
1.464
1.585
21.196
1.982
383.617
5.091
2.034
39.539
26.177
6915.010
1.958
7.044
1.008
22.421
6.130
2.476
2.682
1.248
55.894
1.940
7.833
173.362
8.608
5.041
17.563
4.456
2.927
20.864
23.743
26.747
6.061
1.831
4.809
20.468
15.865
1.958
2.156
5.097
1.210
1.442
1.252
1.341
4.518
7.810
1.940
1.190
1.057
27.803
5.384
19.979
2.406
1038.190
1.133
1.738
5.442
5.669
2.032
1.862
5.474
8.389
3.088
2.021
4.502
2.178
1.772
10.190
475.096
4.012
1.439
1.254
36.348
28.740
22.183
2.062
2.913
