1.159
3.166
1.163
1.020
39.835
6.417
1.404
1.150
2.386
2.095
12.323
1.823
2.119
1.229
2.010
2.789
2.154
5.845
1.171
2.152
1.247
1.226
2.587
1.120
1.478
1.799
6.924
1.099
6.925
1.115
1.067
1.013
2.379
4.758
2.345
1.747
3.544
6.246
1.203
1.206
1.284
1.327
1.346
9.537
3.064
4.571
6.221
1.081
3.894
1.597
2.145
1.501
4.681
1.730
5.024
2.376
2.905
1.230
1.722
2.255
1.697
1.163
1.054
1.019
2.767
1.002
1.631
2.235
2.202
1.948
1.798
6.094
5.083
1.646
1.158
2.708
3.757
2.645
1.008
1.167
1.221
1.195
1.327
1.850
2.703
1.490
1.413
1.126
3.265
1.374
3.033
1.579
2.561
3.145
1.214
1.211
1.313
1.755
1.234
1.091
5.846
3.592
1.077
2.308
5.660
2.004
2.302
1.668
1.537
1.441
1.029
2.641
2.193
2.515
1.219
2.557
1.006
2.642
1.293
1.348
6.358
3.935
1.073
1.296
1.025
1.317
1.117
1.176
1.706
5.171
1.473
2.171
1.397
1.452
1.279
1.138
1.433
1.835
6.014
1.274
4.563
2.568
1.178
1.164
1.213
1.155
2.199
1.936
1.492
1.082
13.816
3.162
9.346
1.153
1.468
1.543
1.015
1.781
2.216
1.096
1.755
1.018
2.676
5.324
1.045
1.742
2.735
1.084
37.255
1.217
1.442
1.432
1.003
4.552
3.304
1.307
3.275
11.731
2.229
1.177
4.162
1.544
1.388
2.036
2.574
1.556
2.120
1.477
2.268
20.019
4.795
1.509
11.189
1.108
1.264
2.339
3.061
1.665
1.724
1.295
2.631
6.936
2.577
2.117
1.387
1.246
10.249
1.357
1.036
1.656
1.062
1.181
1.208
1.011
4.072
9.232
1.279
7.736
1.530
1.952
1.433
1.029
1.295
1.317
1.830
1.062
2.445
1.190
3.437
1.711
1.354
1.490
1.273
1.240
1.525
1.192
1.241
2.067
2.835
1.100
1.100
3.871
1.841
4.197
1.437
1.490
3.832
7.754
3.473
2.889
1.016
4.931
10.455
2.391
1.049
12.373
15.979
13.875
13.030
1.755
4.207
4.767
1.129
1.045
2.937
1.040
2.063
7.514
1.079
2.408
2.820
3.601
2.526
4.780
1.539
1.669
1.058
1.367
2.039
1.253
1.914
4.204
1.351
1.018
6.146
2.547
1.224
1.468
1.362
11.001
17.490
2.728
1.069
1.315
1.045
4.697
1.548
2.530
1.303
1.447
1.205
5.389
1.523
2.504
3.105
3.100
9.805
1.381
3.437
2.310
1.010
2.662
10.853
2.030
59.583
4.964
3.386
1.913
1.827
1.889
2.847
1.131
1.179
29.309
1.487
1.318
3.543
7.027
2.137
1.125
1.700
17.119
1.629
2.959
5.936
1.074
3.993
2.322
6.301
6.400
13.046
1.488
1.183
1.210
1.850
5.651
1.672
1.138
1.736
1.519
1.354
1.175
5.325
4.372
9.450
5.537
51.819
11.913
1.327
2.877
2.746
1.943
1.761
12.212
1.179
1.235
4.131
1.402
1.198
1.041
1.140
1.066
1.042
1.056
1.455
1.369
2.491
8.538
1.263
9.338
1.698
1.156
2.867
1.028
1.189
3.951
14.850
1.381
3.251
1.007
1.612
5.521
1.072
1.349
1.086
2.023
1.268
1.153
4.439
2.472
2.497
1.151
1.365
1.097
1.211
2.341
1.114
1.118
11.607
2.735
1.049
1.159
1.063
3.194
1.288
1.510
1.426
1.534
1.795
2.156
4.144
1.181
4.692
2.736
10.625
1.163
1.029
3.154
2.402
1.062
2.001
1.233
2.160
3.569
1.618
1.149
1.924
5.822
1.118
1.009
1.671
1.442
12.836
1.543
1.349
1.651
1.959
4.190
35.326
2.513
1.024
1.198
1.743
2.017
3.171
2.670
1.004
1.885
1.413
1.021
4.540
1.201
1.929
8.213
1.663
1.575
1.431
2.593
1.085
1.381
3.383
1.302
2.328
5.733
1.736
4.006
1.055
1.107
1.164
1.465
2.615
2.616
1.805
1.193
1.367
4.698
11.675
1.439
2.542
1.039
1.608
1.912
18.315
3.655
5.081
2.131
1.283
3.028
3.058
3.172
2.563
1.980
3.118
2.991
1.272
1.221
2.576
55.088
1.889
2.064
1.057
1.570
1.580
1.275
1.413
1.736
1.732
4.175
1.497
1.909
1.360
1.901
1.453
2.371
7.391
1.436
1.647
1.015
1.138
1.354
16.365
3.542
51.157
1.668
1.765
2.397
3.435
1.478
1.244
1.182
2.651
1.931
1.097
3.288
1.764
1.240
1.260
1.056
1.421
1.433
1.824
1.007
1.009
2.038
3.301
1.737
3.629
1.064
3.937
1.654
1.349
1.091
1.492
3.422
1.727
1.177
1.431
1.911
2.818
1.470
1.370
1.199
2.386
2.002
1.131
5.772
1.671
1.104
1.510
2.753
1.123
1.294
1.251
1.326
4.829
8.798
12.491
2.663
1.210
1.707
1.801
1.726
1.765
7.205
4.059
5.083
2.399
3.039
1.577
1.451
2.365
1.288
6.072
4.290
1.203
1.996
1.009
1.073
8.852
7.518
4.105
1.665
1.686
6.797
1.068
4.899
10.673
2.586
1.057
1.404
1.171
1.181
1.161
2.354
1.280
1.675
15.789
1.321
1.958
1.154
2.409
4.307
1.405
3.095
291.147
1.111
1.076
1.003
1.886
25.283
2.314
1.643
8.744
3.681
1.435
1.646
1.154
34.513
3.468
2.231
1.849
2.666
7.494
2.563
1.209
1.796
1.246
1.774
3.296
1.146
3.235
1.551
1.702
1.887
1.172
2.202
1.983
4.265
1.027
1.138
1.075
1.228
1.607
1.662
4.044
1.442
1.395
2.737
2.211
3.350
2.006
3.802
1.036
11.224
3.562
1.407
2.093
1.151
1.352
1.064
3.430
1.563
46.054
1.526
1.066
2.899
4.497
1.271
1.032
1.038
4.758
9.986
3.541
163.146
16.164
3.901
9.877
1.612
1.089
1.109
1.663
1.462
1.040
6.870
1.006
3.713
1.934
1.937
1.106
1.478
1.347
5.683
6.014
3.758
1.757
1.825
1.023
1.694
2.192
2.782
1.082
1.626
2.122
1.841
2.660
16.922
1.649
1.250
1.628
1.864
1.041
1.657
10.031
5.759
1.044
2.409
1.789
1.201
3.016
4.737
1.305
7.403
1.108
1.101
1.581
1.355
1.507
1.932
1.163
1.611
1.168
20.296
1.414
22.597
1.101
2.134
23.331
2.314
1.986
1.144
1.029
2.505
2.977
1.013
13.230
18.981
1.448
1.402
1.087
1.196
1.334
1.057
2.001
1.313
1.591
1.708
1.041
4.614
4.752
5.585
1.189
8.541
4.187
3.136
2.099
2.221
7.722
1.728
1.187
1.206
10.006
3.574
1.675
1.531
1.296
1.368
6.249
7.719
1.365
2.559
2.349
1.888
1.013
4.945
2.182
1.151
1.562
4.245
1.634
1.229
1.053
3.316
1.337
1.351
1.005
3.601
1.090
1.233
1.236
2.695
1.506
6.058
1.482
1.493
1.261
2.078
2.605
1.302
21.873
1.307
1.435
2.109
2.133
1.523
1.149
14.652
2.444
2.100
1.218
4.548
1.312
1.046
1.665
2.950
1.773
1.298
1.213
1.097
1.213
1.024
8.774
1.625
7.443
1.919
2.420
1.083
1.408
2.741
1.050
1.043
1.014
5.669
1.042
1.703
2.648
1.573
3.887
1.092
2.754
1.030
1.788
2.736
1.798
1.254
21.634
4.177
3.741
26.163
38.234
1.038
1.560
1.504
1.550
2.209
7.641
2.323
2.953
10.130
1.402
1.170
1.191
1.177
1.813
1.419
1.016
2.717
5.685
1.027
1.489
1.186
6.725
1.804
1.533
1.723
1.360
1.990
5.414
5.669
1.089
1.204
1.012
6.115
2.844
1.268
1.665
1.780
5.868
1.172
1.019
1.017
12.948
7.067
61.054
1.030
15.625
1.380
2.829
2.769
7.932
5.808
3.016
2.846
5.366
1.236
9.047
1.123
2.200
3.928
2.495
1.195
5.656
1.608
1.259
1.781
1.171
2.080
9.594
1.046
3.092
1.606
1.145
1.854
2.266
1.152
1.015
1.057
2.234
5.152
1.062
1.330
3.621
1.933
1.165
1.528
1.639
1.595
1.299
2.084
1.367
2.657
1.457
1.072
1.163
2.146
1.276
1.088
3.375
3.219
2.232
3.971
2.435
2.838
1.849
1.536
1.188
1.037
2.027
1.256
2.386
1.220
