2.428
2.828
1.156
7.546
1.928
1.323
2.231
1.609
4.100
1.688
9.353
1.135
1.275
2.082
1.362
2.140
7.342
1.106
1.038
2.064
1.611
1.066
3.677
2.471
1.113
3.024
16.245
1.386
2.322
1.721
1.084
2.797
3.502
5.267
9.167
10.774
1.406
1.056
1.171
1.285
1.947
1.913
3.163
2.840
3.453
1.296
4.784
6.251
1.185
309.788
2.848
1.647
1.417
1.764
1.519
1.091
1.702
7.119
1.058
5.365
1.667
4.679
1.189
5.376
127.318
6.537
1.104
22.304
1.221
1.111
1.116
1.514
2.634
2.413
10.557
3.195
16.471
1.561
8.460
1.071
1.111
1.371
12.547
1.683
5.063
1.087
4460.348
1.062
1.256
1.250
2.036
3.836
1.297
1.178
13.620
104.689
4.186
2.661
1.056
2.303
1.001
7.132
1.204
1.458
10.816
1.037
1.348
1.960
2.076
3.153
2.042
1.320
1.016
1.717
1.612
2.015
1.495
1.294
2.393
7.548
1.196
1.765
1.059
1.536
1.262
1.207
8.210
1.103
2.982
1.316
1.530
1.966
2.122
25.608
1.020
4.301
1.476
2.029
1.385
1.367
2.960
2.800
3.863
19.429
2.327
1.241
1.549
1.145
2.464
5.981
1.015
1.442
1.177
2.886
2.046
4.876
2.360
10.947
1.047
1.478
1.246
15.442
1.250
1.107
1.714
2.084
1.726
4.536
1.316
1.793
1.734
12.156
4.085
1.046
1.173
1.252
3.874
2.128
12.848
6.460
2.014
1.429
1.318
2.369
29.849
1.268
1.423
1.021
1.834
5.837
3.188
2.102
1.626
19.549
3.180
2.387
1.110
2.736
2.688
1.021
1.389
2.689
1.060
2.187
2.384
1.194
1.698
1.694
2.672
1.037
12.439
1.035
1.826
1.650
3.182
1.746
2.362
1.210
2.239
1.406
1.927
2.954
1.369
1.113
1.485
3.802
1.374
1.674
70.555
1.033
1.572
1.433
7.310
1.298
4.721
1.181
5.433
2.578
2.936
3.089
1.862
1.012
3.617
1.151
2.519
1.256
3.373
37.509
29.891
3.105
1.303
21.856
4.945
2.772
1.694
1.014
4.890
3.070
2.966
1.070
2.094
2.532
1.324
1.415
1.227
1.328
1.827
1.808
7.026
2.507
8.100
1.082
1.212
5.332
1.476
1.006
34.947
1.828
1.203
2.050
1.732
1.472
1.456
1.815
1.565
2.144
1.014
1.353
1.967
1.380
1.124
44.682
4.999
5.210
1.061
3.834
2.223
1.320
5.068
1.187
1.234
1.671
9.002
1.420
114.680
2.049
1.769
2.031
2.000
3.833
1.228
5.513
2.565
1.032
2.707
8.658
1.775
2.431
3.079
1.635
1.387
5.201
1.059
1.948
2.434
1.691
2.701
3.058
4.292
1.041
8.814
32.991
2.742
2.946
1.912
1.292
1.976
1.250
1.120
4.147
1.281
1.743
3.241
1.165
1.203
1.162
1.470
1.994
1.189
1.268
1.635
2.074
2.389
1.066
1.018
1.037
1.955
4.281
3.622
1.021
37.315
1.643
5.158
2.253
5.212
2.054
2.135
4.437
13.089
2.375
2.207
1.343
1.268
1.285
5.899
2.012
1.273
26.915
2.205
1.541
1.148
59.318
15.448
6.130
1.113
1.553
1.106
9.236
1.091
2.014
2.414
1.451
1.072
1.748
10.833
2.927
1.630
1.138
5.423
1.171
2.542
7.295
5.652
1.595
2.024
2.212
1.399
2.446
1.744
1.151
2.221
1.223
1.152
2.751
1.335
2.101
1.245
1.312
1.161
3.127
1.054
6.457
2.723
1.280
1.334
12.979
2.961
1.035
4.351
1.278
1.068
1.486
1.540
3.441
26.853
1.134
1.420
2.460
3.289
2.837
2.076
3.418
1.539
4.176
2.210
1.237
1.270
1.036
2.038
1.113
3.358
5.062
595.137
2.637
2.821
1.122
4.669
2.766
1.517
1.061
1.153
2.155
5.009
1.037
6.203
5.386
1.904
1.216
1.173
2.207
1.546
5.810
1.431
1.016
2.312
2.048
2.844
3.302
3.314
1.049
1.148
1.735
24.377
1.353
2.582
1.027
1.192
1.586
73.823
1.456
8.588
1.523
1.208
1.050
1.161
1.110
2.557
3.739
8.968
1.448
10.926
6.293
4.543
1.037
1.515
4.535
31.225
2.731
25.001
2.896
1.299
31.784
6.185
1.084
4.358
1.235
1.321
3.304
2.098
1.356
3.537
1.070
1.200
1.279
1.596
2.299
5.513
19.582
6.388
3.428
3.250
1.184
1.132
1.121
14.112
3.245
1.055
1.216
2.850
1.071
2.248
1.720
6.610
1.024
1.912
2.513
1.581
1.885
2.212
1.353
1.094
25.425
6.290
1.313
1.328
2.736
19.465
2.361
1.102
1.825
3.547
9.352
1.187
4.495
6.328
3.093
1.497
2.951
2.062
4.211
3.766
1.027
2.512
1.112
2.456
4.901
1.426
2.043
2.181
1.315
1.961
2.284
1.430
3.533
3.038
1.336
8.386
1.236
1.410
8.658
1.442
1.286
1.550
1.483
1.338
18.030
2.384
5.110
2.418
4.199
1.591
2.395
4.029
1.086
1.028
3.208
4.547
1.100
6.327
3.284
13.350
2.217
1.342
2.412
2.366
1.178
3.405
1.368
1.149
1.356
81.407
2.047
1.283
2.050
1.294
1.236
3.284
1.236
4.693
10.369
1.197
2.075
1.069
1.983
1.274
17.846
1.285
1.955
1.415
1.428
1.050
1.315
1.158
1.457
1.164
1.299
6.190
2.206
1.408
1.001
1.237
1.195
2.767
1.744
2.734
16.630
2.268
1.248
4.093
1.154
11.462
1.290
1.015
11.845
2.373
5.615
12.551
1.546
7.366
1.101
6.950
1.202
1.213
3.168
14.041
2.656
13.154
5.188
1.244
3.326
2.529
23.751
32.431
1.094
9.523
1.025
1.774
1.105
1.298
1.276
7.489
1.930
1.332
1.295
3.062
1.236
1.533
6.587
15.359
1.207
8.356
7.253
1.047
3.782
17.577
1.337
1.065
1.190
1.641
1.064
3.586
1.030
2.821
2.421
1.941
4.375
1.052
1.004
2.180
1.308
1.820
1.266
3.327
4.868
1.117
17.535
2.620
3.243
1.189
2.546
1.632
1.586
5.079
1.143
1.383
1.723
3.808
1.730
2.782
1.205
2.610
1.473
9.988
1509.897
1.020
1.092
3.210
1.215
3.012
1.239
8.062
2.075
1.137
6.577
11.210
1.323
3.114
11.366
1.563
1.096
17.506
2.831
3.178
1.946
1.105
1.081
2.695
1.002
1.009
1.139
3.637
1.391
1.626
1.619
1.533
1.704
4.073
1.498
1.537
1.358
6.203
1.966
7.307
1.068
1.006
1.746
1.181
1.033
1.712
19.486
1.152
1.494
1.124
1.502
1.177
4.815
3.773
1.771
1.285
1.206
3.322
3.503
8.715
6.574
3.149
2.641
8.470
6.513
1.309
1.381
8.269
1.593
2.186
1.977
1.521
1.005
2.972
1.471
5.213
3.306
11.686
2.784
1.536
4.390
2.196
2.329
2.738
1.979
3.145
2.672
1.730
1.847
1.109
1.925
10.696
1.118
2.734
1.252
5.363
4.567
27.599
1.037
4.177
1.260
1.055
3.413
1.095
1.518
1.079
5.185
1.400
1.376
1.086
1.061
2.498
2.027
1.159
1.751
4.009
2.548
1.638
1.234
4.452
2.430
5.458
1.153
2.967
1.627
2.915
1.061
1.569
2.319
2.621
15.465
1.274
2.532
4.768
2.372
1.357
1.068
7.435
2.386
1.274
3.284
7.684
1.087
12.823
1.039
2.523
2.397
1.022
2.543
2.111
1.582
8.803
1.576
1.255
4.548
1.461
5.859
1.854
7.104
1.219
20.186
1.915
19.075
1.203
1.040
1.847
1.125
3.668
2.408
17.734
1.820
6.246
3.797
2.018
1.218
2.019
29.546
1.468
1.537
1.389
11.033
18.160
1.068
1.265
8.342
1.697
1.144
1.869
1.202
1.088
2.605
1.176
30.140
2.053
4.078
1.041
3.449
5.318
20.775
1.860
1.860
1.583
1.196
1.148
7.070
2.975
3.341
104.809
8.288
1.479
1.087
2.768
1.022
1.020
2.196
2.711
1.143
2.497
3.837
2.278
2.246
1.608
2.580
1.537
1.258
10.412
1.139
2.316
1.082
13.077
1.298
1.966
5.350
2.433
1.078
2.272
1.417
4.869
2.332
1.303
1.132
3.418
3.620
1.151
8.170
1.251
1.014
4.492
1.531
25.664
1.110
1.018
2.759
2.171
1.047
21.058
1.948
