1.905
1.626
27.291
18.666
7.473
1.459
3.565
20.355
1.801
3.015
14.788
8.270
22.294
1.163
1.389
2.790
1.963
2.778
187.520
13.749
36.662
1.169
2.208
1.117
1.326
4.879
209.274
1.808
2.785
2.126
1.032
2.051
1.473
1.026
2.038
383.799
2.310
1.306
6.901
5.327
1.336
1.875
1.200
1.123
2.332
100.811
3.627
17.886
180.549
32.877
48.071
4.379
4.438
3.332
4.435
13.126
2.559
2.897
473.095
507.641
2.853
2.911
3.045
1.459
1.080
29.841
2.080
8.988
11.764
14.519
3.900
12.404
1.672
1.168
135.733
5.667
1.296
73.648
2604.977
116.220
1.334
95.548
1.063
366.779
5.281
7.784
9.200
16.918
3.387
222.010
1.519
1.067
1.646
1.568
1.637
4.505
12.116
22.365
1.923
2.997
1.502
14.422
6.757
1.268
1.190
1.533
1.102
10.099
9.179
10.897
9.174
18.043
18.468
13.792
134.211
1.043
1.321
2.153
48.291
36.905
3.216
3.939
2.073
1.384
1.379
1.044
3.735
11.558
10.319
3.619
2.221
1.057
3.601
1.646
5.642
4.165
9.508
65.802
1.799
2.917
9.294
3.501
11.556
2.455
1.619
2.259
2.684
1.609
2.176
1.427
1.723
1.066
1.076
3.177
15.411
11.822
1.431
95.995
1.647
5.236
2.108
1.690
71.501
2.081
3.810
2.437
3.189
65.313
468.731
1.213
1.584
28.744
1.232
1.080
1.141
4.286
2.937
2.551
11.760
1.296
1.469
1.724
2.587
1.211
1.011
1.673
21.647
8.533
19.149
1.810
12.686
5.461
1.023
1.111
2.206
1.614
10.033
2.667
6.788
3.873
388.889
4.476
345.606
1.657
37.754
2.049
6.207
12.830
34.677
1.314
7.765
1.301
21.102
3.580
12.937
40.719
14.023
2.047
32.912
5.506
63.669
1.759
3.435
1.136
1.120
182.475
11.596
2.379
2.493
1.376
3.667
4.345
3.635
80.118
1.289
1.297
90.613
3.759
2.278
139.083
34.093
26.705
2.793
2.766
1.637
1.076
6.580
1.159
13.203
8.991
1.173
467.399
1.249
2.089
1.897
47.883
11.183
1.723
9.525
1.548
2.363
3.323
1.463
2.045
1.306
1.206
1.278
1.387
7.937
28.928
4.222
4.667
1.733
26.834
5.326
1.968
2.619
1.473
10.549
1.509
1.419
17.331
6.119
5.195
1.149
12.034
1.005
523.482
1.438
1.428
2.991
1.114
3.257
4.316
8.304
1.819
3.044
2.295
1.396
1.728
1.384
2.196
6.887
3.935
1.711
1.157
4.454
62.250
4.239
1.748
22.017
2.142
1.624
7.007
1.070
22.528
1.376
1.470
4.352
1.049
1.599
2.294
1.723
7.079
2.052
32029.210
40.987
11.624
1.120
1.797
1.526
1.814
2.024
1.033
2.707
7.760
2.426
1.584
1.279
3.385
3.800
14.157
5.127
1.221
2.487
7.525
44.223
2.539
7.064
3.260
1.187
8.051
1.776
23.877
1.509
1.002
2.583
2.947
2.509
3.101
1.448
1.362
3.913
15.611
2.202
1.852
5.924
7.954
1.044
1.492
1.964
2.674
2.702
3.223
1.550
3.413
1.807
20.529
29.754
51.582
1.072
1.794
1.018
1.108
1.480
2.865
1.783
5.124
1.949
1.028
3.049
1.607
1.745
4.013
20.138
24.676
31.876
86.334
21.236
2.812
11.096
2.331
4.241
1.634
11.894
4.730
12.124
1.901
1.698
1.054
1.597
2.830
14.428
5.300
9.550
1.431
1.972
2.655
1.189
2.333
7.200
4.599
25.313
1.311
46.367
1.914
8.869
1.409
8.235
152.607
7.159
1.204
9.882
4.100
4.087
14.326
1.856
6.427
1.780
3.735
7.084
1.476
1.392
4.158
3.965
3.614
131.048
1.466
8.148
279.907
3.718
1.204
2.759
1.237
2.151
32.927
10.140
3.071
31.527
4.590
1.972
1.189
5.063
1.917
2.912
77.724
2.069
5.594
1.008
2.139
2.030
7.767
3.318
1.774
596.657
1.395
3.063
6.501
1.306
1.415
1.249
3.357
2.549
1.446
3.071
6.940
1.801
1.604
1.507
3.886
1.086
1.737
1.873
3.513
18.242
1.913
1.028
6.241
1.225
7242.465
11.573
14.719
2.800
1.419
1.035
3.563
203.508
56.490
1.321
1.281
1.871
76.893
1.288
1.348
1.623
2.156
1.070
1.116
112.673
1.567
1.910
1.045
3.758
1.195
13.612
1.025
1.308
1.918
2.217
4.137
4.692
1.155
5.196
3.091
43.512
4.775
13.857
4.763
2.315
1.480
1.636
1.014
1.660
4.062
18.359
2.670
13.251
1.662
1.422
20.441
1.594
2.982
2.612
57.559
1.985
1.273
1.401
5.230
1.390
1.155
2.995
8.616
2.112
1.181
6.639
2.674
8.123
14.104
3.398
1.200
3.290
1.059
31.142
3.343
2.458
1.614
2.361
1.203
2425.152
11.630
4.062
470.735
1.605
3.918
5.024
1.377
10.617
3.559
1.039
17.949
1.813
1.793
5.350
1.893
5.741
1.200
1.088
1.206
1.115
1.541
4.232
4.252
1.032
1.627
7.583
2.035
16.195
9.739
54.411
1.035
1.130
1.064
1.061
2.661
1.602
1.369
9.508
117.208
2.086
9.407
2.409
1.442
1.728
1.645
8.292
1.689
6.465
1.242
1.401
2.755
3.229
7.336
1.216
9.092
7.700
89.677
3.497
1.056
3.169
14.761
5.501
1.549
9.496
2.084
1.908
2.524
13.806
59.472
5.991
407.902
1.375
3.136
4.321
1.216
4.125
1.035
1.059
1.625
2.999
2.631
4.122
3.805
8030.149
1.316
7.301
1.195
118.351
22.352
24.849
2.388
2.420
1.507
12.611
1.889
1.761
12.067
14.194
25.119
12.777
3.329
408.806
16.474
2.150
15.198
141.073
1.662
15.116
2.512
8.612
9.905
1.157
2.038
6.051
19.115
40.802
1.244
2.958
119.190
16.915
1.212
59.735
1.129
1.907
4.908
3.797
1.122
5.596
3.123
2.907
1.015
6.046
6.188
2.546
2.551
219.524
1.082
61.144
1.230
1.041
4.075
33.259
21.157
4.768
17.536
1.142
3.393
4.060
23.889
2.696
1.185
72.374
14.073
1.803
1.363
7.857
3.013
3.555
37.099
19.562
228.638
1.135
1.767
8.615
3.238
1.529
1.751
2.922
1.983
3.401
3.718
50.828
11.591
10.582
1.390
4.290
8.070
7.900
5.022
1.709
4.159
2.156
1.194
10.988
1.787
2.853
2.468
1.250
1.676
6.254
1.572
70.420
2.522
1.017
3.739
1.891
5.505
1.623
9.723
2.181
1.320
2.981
21.954
1.166
1.151
1.090
8.551
1.848
1.520
1.949
1.451
3.781
2.948
3.591
1.597
15.154
1.885
5.282
381.008
36.302
1.570
2.288
1.023
4.974
1.338
7.886
113.059
182.769
109.002
4.430
16.082
1.792
3.387
6.628
28.418
6.926
8.928
1.048
1.215
2.948
1.683
38.320
31.532
2.646
661.216
27.309
11.101
1.020
1.821
1.514
1.759
1.607
1.391
14.046
2.775
1.335
6.006
1.266
1.048
5.162
1.556
1.638
1.332
16.263
1.222
42.768
13.485
458.172
9.798
2.627
2.238
283.847
4.026
1.441
16.930
3.644
1.252
5.756
1.496
1.250
8.505
2.615
1431.648
1.654
1.224
2.256
276.167
2.072
30.466
8.100
48.738
3.354
1.013
3.873
144.988
2.807
23.571
2.298
1.523
2.011
10.867
1.269
4.100
1.136
1.782
1.112
5.415
1.014
4.335
1.446
3.742
47.893
3814.204
133.807
6.033
2.881
1.129
1.785
1.386
2.897
815.835
2.195
1.261
2.297
2.257
1.086
19.235
2.973
2.139
142.495
41.920
3.769
3.781
12.236
1.913
13.488
2.675
1.281
8.787
6.008
2.891
4.730
17.073
8.765
1.431
6.199
2.356
23.806
1.304
1.422
11.779
2.810
6.219
2.450
5.856
3.208
1.518
1.106
10.325
1.073
3.089
1.566
1.026
3.431
16.080
31.567
1.214
2.167
17.179
1.735
1.020
55.422
1.113
10.270
62.925
17.759
19.437
1.243
1.802
3.017
2.261
1.413
54.498
84.742
355.214
1.398
1.103
5.369
2.517
6.857
8.291
5.724
7.491
6.457
1.481
5.980
1.393
2.218
3.113
2.122
6.627
2.773
6.309
1.253
54.598
26.219
1.343
1.557
13.286
14.757
2.343
2.081
21.519
3.620
2.488
2.105
3.702
6.491
1.209
2.756
47.996
