7.306
4.301
1.317
4.073
1.099
3.358
6.090
1.865
5.828
1.049
1.768
3.092
2.203
2.212
2.934
1.488
8.756
5.418
7.379
1.148
5.707
1.268
1.782
4.909
1.761
19.626
1.145
1.067
2.004
22.239
6.265
3.091
4.362
2.858
1.009
7.501
1.713
1.684
2.490
1.396
1.049
1.635
2.562
11.044
6.004
1.329
2.471
56.488
2.322
1.560
5.516
1.107
1.852
1.428
5.993
1.060
3.521
2.582
2.321
1.308
1.179
1.046
2.010
1.682
1.146
4.097
2.812
1.477
1.037
1.133
1.282
3.170
1.650
2.672
1.283
2.424
1.029
178.433
1.031
1.405
1.741
9.564
5.075
8.540
1.143
1.591
88.798
2.891
2.197
2.444
3.671
4.399
1.127
1.291
2.176
19.170
2.297
2.053
1.437
1.576
3.008
13.410
2.055
5.013
3.033
539.470
1.397
1.060
2.958
1.122
1.086
2.064
1.896
3.152
5.048
2.926
2.307
4.008
43.778
1.733
4.292
1.247
1.169
1.125
4.926
1.208
2.211
2.908
1.699
2.131
1.944
38.485
1.065
1.217
2.357
1.949
1.121
4.250
1.397
2.032
3.119
7.364
1.061
1.395
1.137
2.060
1.954
1.172
1.376
4.324
1.129
1.220
3.493
1.153
1.924
1.525
4.775
80.436
1.256
2.575
18.500
1.993
1.677
1.641
1.101
2.277
35.415
1.032
2.127
1.392
1.673
2.580
1.152
1.102
4.557
1.870
8.783
1.087
4.634
1.478
1.498
1.048
1.656
2.145
1.033
1.263
1.008
1.492
4.236
1.086
1.039
1.171
1.156
46.620
1.343
5.640
1.369
1.596
1.231
3.469
1.129
1.062
1.760
1.853
1.083
1.011
10.822
2.539
1.274
2.224
1.576
1.284
1.899
1.028
1.517
2.317
2.125
5.263
2.077
1.142
2.871
1.548
4.637
1.046
1.369
1.078
1.325
3.968
1.057
2.101
1.109
2.111
1.850
2.929
1.090
1.482
1.008
1.472
2.376
1.200
1.858
1.857
2.222
1.217
1.011
1.030
1.281
1.366
13.419
1.037
2.784
1.075
1.151
3.394
6.169
1.257
1.220
3.514
1.990
2.124
1.557
2.410
2.029
1.149
2.109
633.273
1.192
3.769
5.745
2.471
2.887
1.926
2.992
4.164
9.324
1.109
1.061
3.762
1.916
1.575
1.240
1.506
1.065
1.003
1.035
2.294
3.853
57.472
1.669
1.662
1.017
1.626
1.422
1.197
24.440
2.007
1.090
1.619
1.349
2.018
2.286
28.965
1.881
11.994
7.426
17.841
1.113
2.632
2.932
1.240
1.538
1.333
6.034
4.589
10.581
1.788
3.098
1.040
2.296
3.961
8.561
13.325
1.400
1.405
8.317
1.684
2.185
1.424
1.346
4.876
6.592
1.362
2.238
1.674
2.268
1.786
1.026
3.299
10.209
1.120
1.064
1.036
5.781
2.088
1.938
4.655
2.005
1.099
2.382
1.619
1.126
1.371
2.237
1.845
2.082
1.053
3.547
1.484
3.377
2.471
4.899
5.974
1.575
8.720
1.779
1.334
3.391
9.565
2.405
2.494
5.199
1.765
30.687
2.644
1.170
3.379
1.368
5.389
6.227
1.270
1.179
1.143
1.131
1.459
13.279
6.279
2.537
3.012
1.345
14.914
13.613
43.832
1.064
3.552
1.482
9.718
1.339
1.048
1.924
5.418
62.484
1.155
8.746
1.913
4.650
1.114
2.457
1.296
1.828
1.854
1.040
5.796
4.823
4.318
1.665
1.223
2.174
2.750
6.831
1.891
1.064
1.671
1.132
2.531
1.239
1.903
9.851
1.568
1.493
6.380
1.018
1.601
1.968
1.144
2.605
5.157
1.960
2.737
1.075
6.651
1.552
3.911
11.825
15.025
4.756
1.272
5.440
1.010
1.750
1.076
1.105
3.643
2.489
2.157
1.469
1.477
36.410
1.800
1.924
1.578
2.913
2.641
2.226
13.352
1.308
5.247
2.649
1.210
1.623
1.131
1.221
1.636
1.871
1.532
1.433
1.625
1.112
4.197
9.932
1.569
1.162
25.750
3.656
2.612
1.208
9.365
1.346
1.138
3.072
1.703
1.305
4.233
2.460
32.999
9.106
2.153
1.583
1.328
1.578
5.749
1.012
5.067
2.735
2.105
20.171
1.264
3.440
19.103
1.832
1.591
1.444
3.453
1.701
9.200
5.238
4.881
1.539
1.647
4.882
1.842
1.420
1.674
1.051
1.242
5.020
6.086
18.515
2.923
6.736
1.945
14.244
9.599
7.008
1.308
1.628
1.003
220.907
2.791
1.173
1.571
4.064
17.802
1.082
11.246
1.108
25.657
2.990
1.001
1.415
1.106
2.050
2.222
16.984
51.182
1.479
2.963
2.428
4.270
2.192
19.456
1.253
1.695
1.484
9.055
14.712
1.134
1.301
1.823
2.302
2.480
1.353
1.919
1.608
2.176
1.159
5.049
7.976
1.105
1.989
5.711
1.424
2.043
8.222
1.535
1.034
3.519
1.931
1.066
1.681
1.674
1.484
1.457
2.453
1.580
2.790
1.064
1.011
9.912
4.684
2.482
1.586
6.733
79.661
1.671
2.213
1.416
3.591
1.178
4.261
2.212
1.021
2.331
2.515
1.974
11.071
1.412
2.346
1.209
2.429
6.642
3.452
38.707
11.480
1.132
1.249
12.795
2.098
5.113
1.379
3.929
1.022
1.396
2.059
2.196
1.131
15.889
3.792
1.364
17.369
2.665
2.881
1.543
1.075
6.214
1.002
1.687
2.576
1.360
1.153
1.510
1.209
3.449
6.549
1.261
1.299
2.133
1.382
6.584
1.206
1.355
2.492
5.593
1.639
1.044
5.953
1.394
11.954
1.137
7.365
1.410
1.343
3.046
1.236
2.670
2.555
1.397
1.070
2.240
2.529
1.894
84.037
1.826
6.658
2.017
1.268
1.670
3.307
1.219
7.464
14.360
1.931
2.077
4.136
4.137
4.309
1.196
2.177
2.738
1.760
1.883
5.701
1.424
1.432
5.588
2.140
1.665
1.224
2.226
1.096
1.323
2.195
3.384
1.468
1.553
12.327
2.067
1.092
1.001
3.255
2.278
1.863
1.343
1.009
2.308
1.275
1.015
1.021
1.093
1.718
9.930
1.603
2.535
14.494
2.429
3.040
12.131
2.546
5.825
5.004
3.407
3.831
2.637
2.409
1.939
1.556
1.348
1.071
1.171
4.446
9.257
1.821
1.809
3.128
2.445
1.092
2.339
1.023
2.286
1.288
1.167
1.164
64.735
1.195
2.616
1.342
10.418
2.698
23.569
1.482
1.345
2.003
3.332
2.001
2.203
1.043
3.336
1.349
7.621
1.466
1.116
1.992
2.976
2.190
1.060
25.459
1.201
1.955
1.211
2.785
9.396
1.336
1.403
1.193
2.835
4.629
1.199
1.492
1.404
2.351
1.637
1.183
1.460
66.541
1.111
1.435
1.090
1.656
1.036
4.003
1.717
2.338
1.296
1.178
7.057
3.180
4.892
1.014
1.263
1.034
4.245
10.913
9.454
1.252
1.913
2.193
1.089
5.808
2.437
1.050
2.476
16.708
1.455
5.997
1.772
1.207
2.244
1.160
1.102
1.112
1.062
2.385
27.768
1.599
2.095
1.084
1.152
1.894
1.210
84.074
8.337
1.542
1.613
4.214
1.270
195.849
3.412
2.974
1.118
1.233
1.129
1.257
2.596
1.201
8.873
4.001
1.566
1.061
1.888
12.009
1.132
2.925
4.637
11.647
1.667
3.771
1.184
10.279
1.465
6.810
2.734
1.504
1.570
140.000
2.159
1.228
1.205
2.472
1.610
28.491
1.333
6.254
2.624
5.485
1.341
3.989
1.089
9.225
1.216
56.691
5.775
51.877
10.777
5.507
1.444
2.038
1.176
1.236
2.202
1.757
1.023
5.929
2.252
2.605
10.118
2.306
5.920
1.036
1.344
52.604
2.877
4.661
2.909
2.094
2.564
1.696
6.778
1.486
3.410
1.965
16.261
1.035
1.343
1.691
2.901
1.339
2.454
1.289
1.012
2.009
2.047
1.494
1.673
1.456
2.390
10.466
1.160
1.666
4.682
1.846
1.354
1.648
1.001
1.329
2.592
1.984
2.055
1.568
1.604
3.543
1.292
7.452
2.119
2.197
1.483
111.643
1.055
2.793
7.566
1.501
1.270
188.304
3.032
1.011
1.299
6.567
1.308
2.721
3.638
5.101
1.497
1.473
1.471
8.486
5.157
1.769
1.723
1.627
2.102
7.220
2.468
1.366
12.496
130.804
2.153
1.194
1.351
1.697
2.223
1.269
1.044
