5.553
1.956
2.233
1.969
1.118
26.052
1.103
1.485
2.799
1.756
2.250
1.821
1.010
6.874
1.173
1.733
1.251
1.230
6.816
1.739
2.706
1.919
1.045
7.041
10.167
18.491
1.348
1.442
1.393
5.593
2.377
1.397
4.548
3.014
1.584
4.538
1.644
1.213
3.085
4.779
1.927
1.985
1.999
4.442
2.422
1.123
1.568
1.542
5.586
1.795
1.121
11.254
1585.143
1.580
2.366
1.283
50.164
1.064
13.635
5.987
7.814
4.724
3.485
8.210
34.281
14.745
3.229
1.473
1.871
2.558
5.039
2.053
1.652
1.168
1.037
1.470
1.049
1.086
1.090
7.814
1.264
1.608
5.681
2.093
2.720
2.162
1.272
1.141
112.321
1.952
1.428
1.706
31.343
1.539
7.060
4.462
2.184
1.228
21.745
1.756
1.654
2.317
2.385
2.337
1.346
1.900
1.122
7.050
1.673
1.033
1.168
2.441
6.764
2.928
1.158
6.265
4.277
2.120
1.368
4.521
1.594
1.224
7.009
1.252
1.241
2.155
5.548
1.121
14.620
4.692
2.804
1.345
1.074
3.560
1.457
1.518
2.759
2.075
1.024
29.551
1.324
4.356
88.335
7.177
4.250
4.077
1.011
1.140
12.245
1.029
1.171
1.903
1.209
2.717
2.971
1.522
1.376
1.062
1.481
2.490
1.409
1.078
1.984
6.467
1.394
1.108
2.196
1.127
1.010
1.125
2.174
1.504
1.551
6.110
1.681
1.298
1.817
6.804
264.495
5.262
1.215
2.097
2.040
1.531
6.296
3.109
1.375
18.225
2.177
1.018
1.124
2.758
1.261
1.835
1.038
5.510
1.360
4.391
2.233
100.406
1.857
2.087
1.164
6.856
3.119
1.191
1.033
8.430
1.364
4.427
1.065
4.926
3.101
1.102
2.273
1.176
1.612
1.022
5.618
2.580
68.070
2.553
1.359
4.328
1.130
4.187
11.100
1.606
10.571
96.573
1.584
1.188
5.695
1.524
2.384
1.362
411.236
1.357
2.661
1.422
20.906
2.270
1.510
4.899
1.375
5.107
1.061
1.139
10.157
12.089
7.475
1.163
1.315
1.550
32.071
1.218
1.217
2.521
100.411
9.896
3.058
2.466
8.095
2.509
1.004
1.663
14.885
7.678
2.439
55.516
1.258
1.581
1.271
1.513
1.339
1.451
1.447
4.008
11.832
2.056
6.585
1.905
2.626
1.045
1.069
6.207
52.151
1.374
1.455
3.019
1.078
2.904
1.308
56.019
1.859
2.766
2.404
4.984
2.059
3.410
2.323
5.123
10.481
1.087
6.847
2.081
1.121
1.320
2.880
15.576
2.941
1.347
2.266
1.402
1.810
6.602
1.309
3.129
2.903
1.033
1.607
5.000
5.440
4.813
3.419
1.033
1.666
7.177
9.224
1.096
5.896
1.736
1.189
2.173
2.052
1.505
2.113
1.907
1.383
2.533
1.101
6.820
53.804
1.709
1.130
1.609
7.204
8.222
1.690
2.414
2.272
5.539
3.357
1.340
10.766
11.870
1.541
1.048
1.140
1.344
10.582
4.323
5.899
8.679
2.734
1.531
8.339
13.082
2.638
2.410
1.197
1.180
5.484
1.772
3.380
1.460
1.006
3.463
5.662
2.812
2.706
2.527
1.390
11.408
2.656
1.401
2.589
4.550
20.931
7.567
4.124
1.602
6.194
1.024
2.678
16.581
3.218
5.432
1.520
1.363
3.598
1.538
4.257
1.303
2.522
2.486
4.764
102.089
701.439
2.082
5.492
23.126
1.244
14.934
66.658
2.099
2.761
1.391
1.557
1.449
4.727
10.333
1.455
1.712
1.234
1.805
1.736
4.592
2.063
8.917
1.701
1.113
4.242
2.010
1.085
1.135
1.426
1.428
1.219
5.443
2.750
4.355
7.386
1.181
18.285
1.888
3.004
1.722
5.773
1.067
6.102
1.260
1.029
1.286
9.221
30.070
1.878
6.727
1.780
4.338
2.600
1.030
1.109
2.252
4.098
13.561
1.279
9.764
6.894
1.178
3.503
1.224
1.033
4.189
1.023
2.199
33.988
1.308
1.521
1.224
3.346
4.497
1.870
1.095
1.164
1.229
6.221
3.159
1.318
1.108
1.103
33.439
2.779
2.858
1.556
3.536
3.551
2.196
1.065
1.318
3.651
9.644
17.376
1.693
13.229
1.828
1.211
2.306
4.421
2.016
3.176
1437.586
37.646
2.681
5.374
1.729
3.884
1.540
1.041
1.448
25.541
17.865
5.043
1.293
21.263
14.279
1.657
1.698
12.930
1.997
1.661
2.958
1.833
1.227
2.057
1.440
1.361
1.831
1.069
1.684
5.334
4.225
2.432
1.603
2.081
1.673
2.853
1.418
1.301
10.470
1.807
1.632
1.420
1.890
2.016
3.014
2.727
32.773
42.052
1.435
1.238
2.209
2.934
1.483
1.021
4.692
4.708
1.807
1.164
2.219
4.941
2.980
2.907
1.091
1.352
8.652
1.039
8.497
1.782
1.007
7.947
1.568
1.018
167.978
2.031
3.014
1.018
7.104
1.856
5.107
3.600
4.807
1.062
78.193
2.034
1.772
3.770
2.646
2.336
1.219
1.116
1.204
2.858
1.672
3.137
55.266
3.954
1.189
1.081
15.746
2.281
38.710
1.354
1.467
1.936
1.167
2.387
1.001
1.589
30.102
1.372
5.059
2.001
1.098
4.357
1.721
4.135
318.314
1.263
11.946
2.122
4.342
2.420
61.894
3.578
8.324
1.021
1.003
1.060
4.278
4.827
78.168
108.764
1.646
24.747
7.426
1.021
5.702
3.784
1.091
1.064
6.357
1.012
1.603
1.256
1.207
5.634
779.950
10.818
1.509
1.715
2.949
1.535
4.772
1.739
1.871
6.657
1.011
2.415
1.687
3.428
1.968
19.627
1.085
1.307
1.199
5.920
2.204
2.512
4.055
1.066
1.715
1.916
36.036
3.889
1.012
1.632
1.845
1.017
2.213
1.193
6.797
8.124
1.247
2.604
4.386
10.025
9.507
1.933
11.016
1.865
5.325
1.034
25.740
6.104
141.485
1.328
2.869
1.438
1.266
1.531
1.411
1.051
1.679
14.516
2.959
241.920
4.489
2.589
1.310
1.290
1.134
1.216
1.332
2.416
7.052
1.393
2.074
2.355
4.790
2.273
19.205
6.692
4.261
39739.517
1.423
1.126
3.162
1.141
2.028
1.350
8.660
1.026
7.313
1.565
1.122
540.760
1.006
2.573
1.212
1.661
3.025
1.974
1.176
1.168
1.907
1.444
14.730
18.960
9.754
3.830
5.336
1.324
1.283
4.241
26.541
2.705
3.586
5.979
1.011
1.393
1.896
1.466
1.059
49.408
1.949
1.600
1.175
1.019
2.620
4.440
1.427
1.105
2.107
5.802
2.532
4.456
1.524
1.002
2.588
1.537
2.137
28.972
1.096
5.439
1.206
137.848
16.229
2.073
4.406
26.153
1.181
1260.340
1.049
2.377
17.318
1.460
4.014
4.717
1.987
5.040
1.499
1.509
4.883
3.077
1.024
15.102
1.416
2.526
18.313
1.018
1.311
1.003
2.629
1.028
1.466
1.198
7.944
9.088
20.691
2.268
8.647
13.084
1.204
4.939
1.178
1.165
6.808
1.938
1.602
1.167
203.673
1.160
26.596
1.710
31.578
14.701
1.992
1.680
1.151
1.216
1.640
8.121
1.805
1.976
1.643
40.027
2.391
16.569
1.615
4.407
1.704
1.579
1.184
27.878
1.211
1.227
1.182
4.228
1.633
1.001
1.391
1.564
2.312
1.270
1.068
8.489
5.734
1.216
1.568
12.975
7.659
18.169
1.845
1.916
1.310
26.194
18.198
7.010
8.984
11.264
1.029
1.090
1.393
3.664
1.804
1.097
1.465
6.405
2.759
1.733
9.767
1.281
42.705
7.340
1.188
2.044
2.408
2.581
2.327
1.079
4.017
1.127
1.136
5.118
5.607
1.325
5.310
12.524
1.471
4.154
7.438
33.127
2.340
1.065
1.079
1.548
4.885
4.086
2.202
2.890
218.807
76.347
1.025
2.498
1.022
116.490
6.971
5.835
5.382
1.155
2.174
17.299
1.649
3.623
2.048
4.622
1.886
1.944
1.142
1.670
6.804
1.472
64.962
1.213
1.241
1.905
2.178
1.541
1.045
1.600
5.881
2.025
2.061
3.029
1.564
1.058
6.442
9.974
1.090
10.929
3.140
1.171
1.460
2.503
4.796
1.197
9.156
42.736
1.301
1.104
3.698
1.971
5.331
2.503
5.415
5.290
10.483
1.066
3.406
1.271
2.616
1.429
1.051
8.021
5.373
1.628
3.965
2.150
2.011
