3.116
3.215
1.039
2.451
1.334
5.399
3.370
2.484
1.119
1.088
2.895
6.212
12.973
1.060
1.242
3.190
8.918
2.024
1.920
1.408
3.050
2.501
13.270
1.559
8.805
1.147
1.385
7.594
1.193
1.160
40.008
3.867
1.877
9.462
7.784
1.058
4.781
1.652
1.557
1.007
1.376
1.637
1.652
3.804
2.972
4.334
2.602
1.255
1.167
3.216
1.495
1.120
12.783
1.237
1.052
4.542
1.881
1.187
6.552
11.235
1.120
2.183
1.518
2.934
3.660
1.217
4.291
1.259
3.099
1.587
2.391
1.238
1.308
1.778
2.509
2.297
2.244
2.002
11.854
8.590
41.161
1.321
1.179
61.028
1.220
1.245
1.353
1.996
1.188
3.397
8.378
2.704
1.077
1.221
5.634
4.908
1.519
1.979
8.896
2.590
1.097
3.508
9.362
2.120
1.246
1.316
1.258
3.842
5.324
1.150
1.256
1.633
1.569
1.512
1.286
1.171
1.712
14.102
5.475
1.339
7.073
1.478
1.256
266.617
5.266
2.637
1.180
239.861
10.896
1.289
1.121
4.906
4.880
2.510
2.384
1.473
1.675
2.039
3.180
1.270
5.440
1.290
5.467
77.566
1.039
16.161
1.681
1.323
2.650
4.097
6.353
1.364
1.044
1.641
1.091
2.636
2.199
1.525
1.066
8.062
5.866
1.284
17.564
1.274
1.344
5.527
2.262
1.270
1.635
1.458
4.034
1.907
5.989
37.510
1.146
9.634
4.821
8.689
3.109
3.445
7.472
1.538
5.554
1.008
1.621
3.182
5.174
15.098
3.221
2.806
2.536
3.033
1.282
12.072
2.224
4.315
1.776
1.396
1.668
9.436
1.307
3.320
1.781
1.402
17.080
4.890
1.880
1.371
1.756
3.254
1.535
1.039
1.036
3.574
2.185
2.682
6.207
3.514
1.974
1.189
2.687
1.735
1.853
1.131
5.155
1.215
1.307
1.571
1.448
4.616
2.706
1.089
5.629
1.627
1.324
2.568
1.167
1.460
1.575
1.825
1.139
1.879
5.935
1.120
2.231
1.058
12.469
1.395
2.810
1.008
41.074
2.044
1.497
1.171
1.821
2.623
2.431
1.019
26.329
21.516
123.370
3.003
3.418
3.105
1.524
1.265
1.214
2.298
1.978
1.182
1.620
1.958
1.854
2.383
1.181
1.094
3.303
1.698
1.340
1.728
1.640
1.051
97.148
1.196
1.260
2.524
1.220
2.654
15.380
2.000
1.020
14.278
1.212
2.033
10.041
1.807
2.121
1.288
1.127
2.721
1.011
6.077
1.150
1.059
2.924
1.003
61.115
1.795
1.942
1.151
1.647
3.191
1.682
1.274
1.608
1.343
3.537
1.076
1.333
1.715
2.503
16.323
1.264
3.457
8.137
1.131
3.051
1.442
1.436
77.464
1.505
1.253
1.865
278.695
8.922
7.904
1.646
1.808
1.803
1.096
2.123
10.435
3.947
2.560
1.518
1.562
9.235
2.600
1.045
1.080
5.815
1.380
1.068
1.703
2.306
1.831
3.269
3.189
2.531
3.543
1.749
3.832
1.559
6.570
1.067
163.767
3.206
1.171
4.863
1.136
1.061
1.554
1.722
1.219
1.220
4.256
1.161
1.567
3.022
3.472
2.076
2.930
1.318
1.179
1.153
2.267
1.295
4.535
1.088
1.042
1.356
1.953
1.227
1.522
3.634
1.690
1.228
4.359
13.909
1.040
2.185
4.056
1.065
1.377
1.066
9.269
1.582
2.051
1.509
2.991
2.614
1.501
1.446
4.775
1.310
1.393
1.402
3.052
2.339
3.085
3.618
1.779
1.803
1.459
1.244
1.151
2.253
1.515
1.515
1.646
1.566
2.670
5.015
12.399
2.156
1.209
1.531
1.326
1.727
13.963
3.295
1.237
1.213
1.405
1.208
33.375
1.633
1.074
1.518
1.447
1.526
1.561
2.627
1.672
8.625
6.455
1.054
1.242
5.193
5.521
1.187
1.204
1.163
2.342
1.172
1.056
1.399
17.961
1.101
1.797
1.226
1.821
2.023
6.031
1.631
7.189
1.078
11.979
1.735
2.096
2.192
2.344
2.820
1.922
1.005
1.992
3.828
1.637
1.101
1.201
2.979
1.049
4.069
1.418
1.056
2.119
3.892
1.433
1.200
5.717
3.279
1.047
1.179
1.310
1.146
1.087
4.266
1.278
1.402
2.108
1.354
2.377
1.162
1.225
7.843
3.004
1.106
1.193
1.240
4.495
3.246
1.136
1.619
1.498
1.068
3.541
1.846
1.146
6.114
1.127
2.064
3.522
4.025
14.541
1.606
1.792
2.199
1.387
4.281
2.647
1.008
1.611
2.310
5.891
3.459
2.531
3.335
4.887
1.858
1.217
3.208
7.682
8.190
2.276
2.539
1.134
3.437
1.537
2.228
1.834
1.373
1.868
1.151
1.716
2.811
1.528
1.208
1.199
1.393
2.040
15.901
4.258
2.903
1.386
1.217
1.121
1.265
1.921
1.645
2.423
3.233
1.569
1.021
1.303
10.330
1.353
1.354
1.074
5.828
1.531
1.721
1.050
1.210
2.502
1.527
1.192
1.373
1.230
1.312
3.137
16.521
1.922
1.900
5.858
1.628
1.471
1.545
1.314
1.478
2.161
1.346
1.669
1.265
1.158
1.215
3.390
2.455
2.357
1.028
2.656
2.317
2.346
1.558
1.327
1.189
1.130
1.484
2.190
4.947
2.136
1.791
1.333
2.794
3.579
2.220
3.415
4.270
1.765
1.418
1.103
2.482
1.246
1.321
1.087
1.490
3.835
2.186
2.684
2.857
2.175
1.966
8.813
1.065
2.568
10.191
1.176
11.278
2.105
5.093
2.089
1.059
2.560
7.647
2.797
19.531
13.902
1.013
3.639
1.042
2.039
2.928
1.629
1.000
1.514
1.571
1.208
1.517
2.324
1.468
1.936
1.640
3.909
1.229
30.019
1.429
10.217
9.960
3.121
4.935
1.164
1.307
1.113
1.646
80.638
1.224
1.051
3.407
1.207
1.101
1.011
1.027
3.849
1.832
4.257
1.073
2.565
1.889
1.566
6.869
6.238
1.572
1.393
1.132
1.130
5.441
1.484
4.529
1.120
6.651
2.173
10.826
2.006
1.127
1.382
35.997
1.114
1.443
1.370
5.192
1.154
1.172
1.203
1.752
5.872
1.071
14.676
2.856
1.100
1.168
4.747
1.245
2.011
1.542
108.996
21.364
1.534
1.656
1.321
1.615
1.056
16.857
4.334
7.168
2.019
1.437
2.928
1.203
4.794
16.829
1.001
1.128
1.222
1.731
2.183
7.629
1.533
4.972
6.148
1.161
11.511
1.648
1.299
2.683
1.073
5.862
1.761
1.583
7.649
2.870
3.019
16.578
4.469
1.602
16.356
1.229
1.292
2.262
1.190
3.983
1.044
5.399
1.327
4.762
1.609
1.454
9.788
2.100
6.632
2.398
1.876
2.780
1.506
1.109
1.918
9.384
2.507
1.949
2.840
2.546
1.789
6.127
2.543
1.520
1.771
3.931
15.868
1.054
1.106
4.600
3.186
6.726
1.899
1.436
1.041
1.863
4.371
1.244
12.855
1.698
1.006
1.932
1.880
1.181
1.206
1.916
1.113
1.032
1.685
1.454
1.994
1.037
1.365
1.083
1.137
2.510
1.188
1.008
1.218
1.478
3.417
1.241
3.577
4.108
1.635
1.462
2.237
1.142
5.018
1.202
6.485
2.478
2.276
1.374
12.151
1.331
152.252
1.711
1.294
1.407
1.533
121.659
1.625
1.030
1.103
7.184
4.030
1.136
4.740
1.008
9.977
1.603
2.488
5.024
1.667
4.025
2.747
1.353
1.091
6.757
7.264
1.265
1.274
1.189
1.272
1.315
1.244
7.755
4.253
1.590
44.929
10.565
1.031
1.720
1.584
4.887
6.395
2.303
1.680
1.487
1.310
1.265
3.188
1.229
1265.772
2.420
1.174
1.609
5.403
3.408
86.080
1.220
3.008
1.215
2.438
1.204
20.841
2.550
2.666
1.150
1.267
2.779
1.085
3.294
3.107
10.246
1.532
1.834
2.099
2.460
1.518
1.404
1.029
1.012
44.063
1.297
1.005
1.182
3.127
8.935
1.183
4.320
2.074
2.670
1.633
1.804
1.999
1.316
2.496
3.178
1.138
2.286
1.063
3.280
3.407
1.726
3.254
2.083
3.146
1.021
1.340
3.701
3.208
1.328
4.819
2.403
2.528
1.606
2.170
1.061
5.333
1.760
1.749
2.325
1.823
3.716
4.322
1.068
1.398
3.386
1.379
2.291
1.015
57.262
2.043
2.603
1.139
32.462
1.787
2.672
1.143
