2.886
2.962
3.591
30.499
1.239
3.185
1.771
8.716
1.192
2.213
1.810
1.637
4.611
1.461
2.985
2.436
1.354
1.020
3.384
1.236
2.262
2.352
1.080
1.078
3.763
1.146
3.172
1.283
3.270
45.746
2.034
1.292
7.005
1.644
1.133
1.209
1.078
1.957
2.910
6.148
1.661
35.909
1.332
5.456
1.143
1.234
24.465
2.157
1.274
14.072
1.269
1.380
4.985
2.272
3.008
1.773
5.168
6.206
1.347
2.095
1.739
2.539
9.790
3.054
4.035
1.336
1.337
1.164
3.277
2.426
2.919
1.322
2.852
1.338
7.136
19.791
3.195
1.138
1.895
111.102
5.433
1.194
1.529
4.693
6.148
1.591
2.175
2.625
1.241
2.701
1.648
1.004
3.918
103.011
1.509
2.249
1.457
1.108
1.390
5.121
7.831
3.613
1.607
2.331
3.644
4.842
2.842
1.115
1.158
1.388
3.753
1.605
1.345
1.246
1.288
1.616
2.050
1.955
1.226
1.130
2.158
1.137
1.658
2.873
2.148
6.437
3.766
2.141
1.072
89.080
4.676
1.021
1.227
1.423
1.350
1.459
1.179
1.033
1.146
1.246
18.891
3.444
19.469
2.788
12.856
1.843
1.232
25.361
3.353
4.402
1.520
1.795
1.107
2.120
2.562
4.579
1.053
2.524
3.031
1.080
77.502
1.170
4.899
2.489
1.049
4.180
1.916
1.496
2.783
2.008
1.925
1.596
1.977
1.187
2.180
3.567
1.447
1.657
1.144
2.170
1.944
17.469
1.377
7.299
3.196
15.775
4.315
1.114
1.743
5.464
25.332
9.131
1.167
1.594
1.520
1.886
2.601
5.093
1.665
18.467
297.058
6.230
69.407
2.369
2.672
5.222
1.075
1.618
1.432
1.820
2.492
21.401
3.597
2.307
1.145
1.745
1.306
5.945
1.306
2.901
1.724
5.124
2.171
2.225
1.117
129.723
7.480
2.896
1.493
2.250
1.146
1.302
1.985
1.687
1.014
2.185
1.527
1.226
4.641
1.418
1.207
1.076
1.422
11.969
1.438
8.722
1.180
1.165
1.186
6.073
4.528
22.453
1.516
16.156
7.062
1.685
1.060
1.594
2.848
1.394
2.109
3.317
1.005
1.474
1.614
2.213
1.016
1.634
1.118
1.277
8.109
5.530
3.064
4.008
1.784
1.955
2.021
1.663
5.264
1.507
5.033
37.640
1.678
2.912
12649.767
559.646
1.990
1.038
5.978
1.305
2.734
7.820
9.437
1.645
11.036
4.503
2.528
1.245
1.261
19.441
1.779
5.428
2.524
3.311
1.280
2.327
1.554
1.604
49.787
1.639
1.086
11.617
1.260
9.122
1.249
1.451
3.521
4.294
5.005
8.159
24.113
1.592
1.800
4.538
2.805
209.232
2.134
3.665
2.128
1.403
2.936
5.815
1.731
1.174
1.323
3.491
46.803
2.257
64.347
2.599
11.998
1.136
1.750
3.676
2.245
2.585
3.293
11.644
1.482
1.286
234.088
3.561
2.838
47.129
1.361
11.659
7.078
4.790
10.029
1.746
2.584
6.232
6.562
58.746
10.274
3.758
2.683
1.041
1.259
1.018
1.690
4.441
1.893
1.285
1.662
1.026
29.427
1.484
14.296
2.628
775.741
10.342
1.567
6.343
2.965
1.993
1.275
11.448
10.385
1.232
14.383
2.147
2.883
2.702
1.355
6.470
7.613
15.274
1.160
7.114
3.082
4.782
1.096
1.497
1.386
1.581
1.752
1.312
2.744
10.260
5.128
1.015
25.462
1.177
3.264
2.060
1.150
1.285
1.113
3.388
3.569
1.003
1.057
3.667
1.858
2.669
1.328
29.206
8.825
1.900
404.839
9.059
1.769
1.207
2.936
2.184
3.778
1.311
6.679
2.700
1.689
1.045
2.514
5.479
3.612
1.101
1.817
55.282
1.099
5.177
1.579
2.837
1.846
50.333
1.044
1.783
2.529
1.182
3.161
1.205
1.431
1.511
1.220
2.155
1.861
1.221
1.156
1.976
1.713
1.615
13.840
1.418
3.648
10.985
1.622
1.369
3.126
22.860
28.671
21.627
2.505
1.402
1.043
17.372
2.655
18.854
3.861
1.311
2.752
2.516
1.540
1.439
5.244
3.024
1.250
1.353
2.076
3.107
1.066
18.437
1.452
3.055
1.267
1.472
110.340
2.660
2.238
3.086
1.687
1.743
1.804
1.401
1.849
1.579
3.128
1.723
1.196
1.628
3.134
1.176
4.431
1.050
11.107
1.449
7.824
7.282
8.243
7.522
1.627
1.491
1.735
1.337
10.295
5.902
2.253
38.833
8.449
16.003
1.130
6.426
1.150
2.194
448.033
1.092
1.883
6.667
2.145
2.359
2.179
1.545
1.921
1.620
1.304
1.479
1.568
1.593
2.875
3.760
8.441
1.223
2.772
11.177
1.293
2.500
1.061
1.843
1.415
40.382
1.063
1.362
19.376
1.764
1.272
3.481
4.727
1.799
2.187
4.287
1.048
2.369
1.637
1.568
3.731
3.458
5.108
1.471
1.165
3.702
30.064
6.996
2.935
4.166
2.473
1.270
1.074
3.997
2.098
3.474
2.499
4.709
1.596
2.184
1.159
7.967
2.348
73.801
2.523
76.476
5.721
1.933
1.576
100.275
1.351
2.006
2.005
1.095
4.659
1.539
1.453
1.127
2.416
1.383
3.496
1.355
1.221
4.430
1.020
2.883
1.471
1.950
1.205
2.006
6.585
1.281
1.811
1.971
1.545
1.761
1.929
1.124
1.046
2.086
1.637
1.191
2.226
1.124
1.969
2.891
3.134
8.541
1.141
18.290
1.865
33.125
45.495
2.099
6.071
1.785
16.680
6.105
2.365
32.388
1.960
2.072
1.381
5.873
2.467
1.673
1.104
1.240
1.383
1.195
1.266
1.018
1.618
4.861
1.078
5.256
2.477
1.074
299.409
1.799
1.616
1.081
1.223
5.570
1.341
1.304
1.324
1.987
1.462
1.494
2.733
1.831
2.371
1.003
1.957
5.868
1.688
10.076
2.858
2.342
7.006
1.821
1.906
3.059
2.526
2.924
1.219
9.353
1.080
1.054
1.533
1.125
1.558
1.735
1.160
6.520
11.579
1.050
1.153
21.492
3.496
3.887
1.086
1.086
3.373
79.677
3.651
1.389
1.555
3.409
2.613
1.182
1.001
2.203
1.555
1.590
3.624
1.841
1.868
3.819
1.141
12.637
3.555
1.706
2.074
11.258
1.311
2.980
4.843
1.449
2.023
5.692
2.553
8.604
3.677
8.872
1.090
13.619
14.194
69.042
1.499
1.025
2.676
5.649
17.577
1.142
1.346
2.177
2.583
2.345
3.614
2.242
7.861
1.660
2.167
2.929
2.280
1.158
4.142
1.342
1.640
2.287
2.744
1.644
2.300
4.225
2.434
5.882
11.062
1.405
1.306
2.500
7.770
1.093
14.536
5.457
1.227
2.960
12.494
31.873
1.797
4.449
1.511
3.463
8.185
1.434
2.676
6.207
2.739
2.354
1.354
2.174
1.196
1.805
5.916
1.147
1.521
1.153
1512.852
1.697
2.986
2.304
6.157
3.542
1.458
10.630
2.608
6.559
2.352
2.415
2.035
3.299
68.594
1.039
4.666
1.170
1.583
2.358
2.635
1.652
4.244
1.030
3.102
6.908
3.967
1.608
3.589
18.522
3.050
1.082
1.044
2.639
2.794
1.505
2.305
9.531
1.215
18.507
1.861
5.522
1.905
3.408
2.767
2.191
60.149
1.066
1.803
100.439
3.464
51.386
1.601
1.390
1.212
1.043
7.511
2.376
2.103
26.083
1.316
10.194
1.064
6.979
1.596
4.479
1.700
1.938
38.263
3.144
1.163
2.030
4.376
2.603
5.496
21.090
1.559
3.810
1.117
3.416
22.110
2.097
1.375
3.902
1.167
1.377
2.191
1.012
8.469
1.106
3.476
1.571
2.834
1.150
1.623
1.160
200.153
2.327
1.090
1.263
2.475
1.622
1.611
2.295
3.753
5.680
3.184
1.479
2.570
7.361
14.038
1.142
2.755
1.001
1.228
1.472
6.581
1.060
1.092
12.016
1.149
1.017
2.918
1.084
2.268
1.170
2.039
1.809
1.626
7.688
5.415
1.185
4.979
1.008
1.074
1.104
1.235
1.082
1.347
1.100
17.606
3.670
66.676
3.277
1.422
1.690
1.095
6.913
100.858
9.891
1.040
3.135
1.199
2.137
23.494
1.323
3.348
2.243
54.689
1.896
27.227
1.287
1.821
3.039
2.395
1.051
1.225
4.453
1.575
2.042
3.969
1.315
1.079
5.980
13.451
1.126
24.911
1.054
2.929
1.540
