2.739
5.090
8.106
4.386
3.035
5.704
7.137
517.408
3.497
4.314
6.351
16.155
3.101
1.247
40.626
1.702
14.076
9.524
972.557
155.372
180.681
1.013
897.074
2.621
2.751
6.413
6.380
2.642
1.692
4.490
1.071
5.077
46.921
13.709
4.577
1.654
1.762
3.434
46.440
7.769
5.002
1.377
1.909
3.845
1.964
80589.948
1.649
2.671
2.014
3.850
1.018
1.560
1.327
24.752
92.946
2.755
2.072
746.685
50.760
38.962
1.643
2.099
6.329
21.370
19.957
1.851
88.579
2.269
4.413
5.143
1.220
7.263
51.080
3.389
1.745
1.914
876.073
970.853
95.066
509.154
2.162
5.124
751.403
2.025
1.417
9.588
1.439
1.465
1.171
31.042
2.757
31.256
2.445
2.747
1.557
1.144
24.452
2.876
9.996
2.540
2.518
10959.089
3.485
41.459
4.581
1.436
1.354
39.156
2.142
2.429
9696.711
1.382
2.534
7.516
1.187
10.454
8.588
1.999
1.054
1.474
1.025
194.951
12.574
108.343
3.585
126.751
1.649
1.447
5.484
1.353
1.806
2.167
16.864
1.723
1.525
298.018
62.304
17.921
3.447
4.263
2.610
32.218
2.499
1.018
13.866
1030.039
1365.756
2.142
1.256
1.707
193.673
1.794
31.511
44.742
1.591
11.067
10.251
1.120
2.307
18.147
1.456
4.618
5.155
3672.319
1.483
4.468
43.752
2.404
42.240
4.162
4.538
4.162
1.283
12.313
3.957
1.530
5.010
1.953
1.973
67.661
4.151
1.286
1.659
1.068
3.865
1.061
78.137
23.488
154.332
10.556
6.135
17.469
3.030
136.243
11.653
11.960
1.693
20.442
1.023
1.029
12.722
2.841
1.089
3.298
1.412
11.919
1.178
42.413
2.160
1.289
2.055
5.865
2.403
1.004
10.717
2.405
3.198
8.478
1.224
5.022
12.295
2.191
3.632
2.985
8.629
9.193
10.448
20.280
2.359
1.159
4.430
7.965
1.214
1.175
1.195
1.559
9.053
115.674
1.062
21605279.027
3.841
9.144
322491.805
8.872
7.361
1374.198
2.913
200.617
52.224
34.274
4.048
16.112
1458.998
1.047
8.104
1.019
108755815.226
3.956
17157.490
2.693
13.720
1.779
1.041
1.332
618.532
6.022
13.365
4.439
74.860
27.330
1.574
262.220
4.696
10.820
26.206
1.384
2.705
7.853
2.773
43.848
37.780
4.971
3.043
1.651
1.268
5.532
2.017
1.134
52.466
2.525
74.511
1.440
3.396
15.457
10.970
1.905
1.021
1.275
10.435
1.577
10.932
1.044
8.912
2.330
18.287
2.418
1.775
7.519
2.132
2.617
5.866
13.606
5.273
1.920
1.651
1.482
3.975
222.131
15587.970
8.728
3.999
1.472
1.170
11.623
3.464
2.492
2.927
1.491
8.559
1.605
1.910
1.282
2.788
9.938
22492.599
1.252
2.228
5.832
1866.529
1.620
34019.907
1.933
3.582
2.235
320.841
1.484
6.733
9.787
2.804
44415.335
1.674
9.627
11.715
2.071
25.345
9.827
36.684
1.932
279.095
159.587
5.578
5.029
2.144
1.875
1.804
1.983
1.199
6.813
7.786
1.867
396.541
1.679
1.640
1.940
27.045
1.620
6.198
3.539
1.795
2.181
1.223
10.151
3.572
3.343
1.688
105.352
10.637
2.107
124.860
353.140
1.122
73.393
1.814
3.454
33.645
14.711
1.138
229.331
2.286
105.943
41.867
2.307
4.068
11.980
12.793
4.533
1.075
5.010
46.724
30.910
9.839
18.748
10.718
1.749
11.967
10.682
123.650
3.652
19.562
2.124
3.924
4.850
86.676
1.848
6.913
8.885
1.061
5.325
1.555
2.313
1.949
17.206
1.658
2.571
80.666
2.530
21.865
1402.800
2.127
13.374
1.785
1.772
1.036
1.240
2.419
3.977
8.061
2.148
1.090
254.882
2.605
72.892
1.010
4.960
2687.401
464.487
125.480
6.800
3.167
1.332
543.957
1.006
10.738
1.433
32.631
4.401
1.263
3.446
44812.805
1.124
1.076
1.710
1.325
10.678
2.400
18.042
6.640
2.465
3.852
3.238
5.004
4.163
13.556
2.171
1.987
3.046
60.489
4.408
1.709
5.071
1.327
2.033
10.632
1.152
91.698
4326.248
68.430
2.317
2.385
3.027
7.145
4.133
796.983
4.449
12.375
7.267
7.034
250.107
1.205
2.692
68.725
2.140
7.551
23.283
1.538
15.185
32.170
33.665
4.472
1.164
44.787
30.392
5.797
1.430
3.580
12.677
1.921
2.476
7.579
1.483
2.099
8.048
251.951
4.113
6.094
4.698
5.920
49.892
16.468
8.326
11.169
22.339
198.189
3.273
74.891
1.805
2.633
1.094
2.697
1.229
47.378
16.983
1.687
4.711
2.995
2.016
2.699
2.099
4.666
2053.662
4.196
9.209
310.887
1.513
1.584
8.792
1.215
1.855
9.890
1.506
1.490
1.813
1.641
1.251
2.408
14.246
2.053
5.069
1.863
1.449
1.245
4.297
1.613
54.762
4.857
29.289
2.055
2.414
24.205
2.125
4.000
1.397
2.824
1.589
1.690
2.508
21.213
2.163
1.036
1.925
3.941
608.417
3.688
12.144
2002.227
494.742
1.867
3.769
10.750
1.296
1.027
3.414
188.317
38.872
115.747
2.833
4.594
1.604
7.157
1.208
15.216
19.712
2.184
12.854
21.722
1.370
57.884
33.889
7.324
4.220
1.268
12.303
1.449
2.729
54.706
1.438
9.599
54.768
2.989
1.249
4.516
4.938
83.414
55.511
1.615
3.370
3.390
1.518
5.151
24.276
9.950
97.736
1.754
1.660
1.136
9.310
1.792
7.248
11.070
3.060
2794895.823
220.631
5.798
2.138
1.128
1.335
4.310
1.901
1.114
16.492
6.213
14.241
13.487
1.469
10.282
6.800
13.876
1.011
1.735
6541.018
2.808
4.467
1.321
172.292
1.521
5.110
8.183
1.832
7.787
2.745
5.587
15.147
1.689
102717.703
8.677
228051.959
11.055
44.832
4405.026
1.378
42.822
1.054
1.556
1.158
220.780
1.163
8.301
15.243
1.447
2.157
22.066
11.611
1.268
16.592
10.165
3.654
3.535
2.818
232.458
13.194
2.917
1.058
1.689
6.173
4.928
133.490
1.821
1.265
2225.675
2.054
1.087
27.040
4.565
122.547
99995.286
1.712
42.069
2.261
3.223
474.433
5.399
13.917
1.556
2.233
15.506
2.005
10.871
1.761
6.111
41.434
1.315
6.934
1.278
10.148
3.446
1.165
33.693
577.609
1.111
1.493
6.244
13.906
4.189
1564.131
6.337
1.949
2.933
2.460
263.967
42.796
158.204
1783.475
1.717
3.951
1.390
43.661
3.568
8.645
1.159
1.373
1552.186
24.235
1.789
4.387
2.127
2.177
4.897
2.104
6.604
1.285
2.565
1.161
2.732
2.858
1.058
11.256
20.457
4.827
17.454
11.363
2.328
1.258
3.679
1.570
3.986
2.246
1.219
3.429
2.775
1.765
1.306
2.258
26.889
1.987
14929.506
1.223
82.821
86.078
3.957
1.435
12.102
7.808
12.823
9.367
3.908
4.239
31.534
2.450
2.217
3.306
2.403
1.432
1.393
1.639
17.833
4762.903
1.014
1.491
39.501
6.476
14.864
3.581
5.193
1.203
1.308
286.264
3.413
251.220
17.774
1.420
2.214
2.459
6.187
13.767
1.187
67.780
14.139
1.507
39.349
1.798
663.744
21.842
27.173
31.920
2.101
1.047
1714.430
1.786
8.766
1.368
171.828
7.500
1.937
11.655
45.996
1.153
6.610
1.117
75.246
3.167
9.251
2.907
22.974
7.037
446.932
36.497
1.051
41.261
2.454
3.925
13.209
3673.476
2.655
3.739
60.677
5.581
9.571
1.838
16.171
129.077
46.130
123.136
3.158
3.471
22.814
15.313
27.250
109.842
24.793
4.810
1.048
1.484
1.431
2.115
6.727
8.246
1.982
1.338
2.442
373.156
26.977
12.317
5.300
2.941
4.415
1.921
4.767
1.986
7.601
4.774
20.748
1.562
8.925
28.805
14.013
1.634
1.145
43.990
1.429
4.565
62.087
17.973
17.054
4.538
10.674
1.123
91.996
4.658
4.402
45.351
2.132
1.009
2.707
1.037
3.301
9.439
20325.083
20.077
2.915
1.644
2.973
41111.470
10.570
1.882
2.335
2.203
43.255
1.930
1.189
2.812
3.730
16.199
44.819
2.504
49.738
3.820
1.780
1.013
1.424
15.153
2.206
1.153
1.061
1.279
3.265
1.386
8.733
2.398
2.669
2.984
14968.730
12.083
1463.111
7618343.161
11.783
176.618
2.035
5.730
1.100
176.798
