1.408
10.707
82.567
4.398
12.530
7.581
1.353
688.608
2.130
3.019
1.067
3.722
1.955
6.940
109.648
1.714
4.936
1.050
1.160
3.623
1.399
5.116
2.447
1.342
6.063
1.520
40.532
2.954
1.469
2.500
6.458
14.434
4.682
3.472
9.032
1.979
3.318
1.334
5.482
1.961
26.285
2.566
1.020
6.851
2.834
1.542
6.142
1.232
7.591
16.659
2.631
18.093
5.767
2.037
1.037
1.775
1.147
2.510
1.181
2.303
1.682
2.006
1.328
1.341
2.300
35.644
49.099
1.248
1.228
4.411
2.520
1.312
1.826
1.349
36.254
1.459
1.038
2.789
69.361
1.409
1.332
2.751
2.445
2.334
5.734
1.338
3.282
1.419
10.291
2.842
4.674
2.212
2.272
2.186
1.088
1.001
2.376
9.143
53.425
1.160
20.701
2.232
1.962
3.738
15.517
1.929
12.000
1.116
8.963
1.169
2.386
2.379
2.520
4.473
2.223
3.214
48.791
1.940
3.463
2.504
2.715
33.566
1.064
2.479
2.345
8.581
2.597
1.070
1.255
5.653
4.327
1.034
3.220
1.092
2.887
1.237
33.038
314.768
6.246
1.018
5.187
1.865
26.430
8.425
9.643
24.690
185.132
3.096
1.153
7.959
1.192
9.424
1.037
1.661
2.486
1.629
1.888
28.738
1.008
1.773
1.054
3.170
4.659
2.672
2.491
36.160
10.562
1225.608
5.860
1.006
1.434
870.864
2.435
44.047
1.056
1.140
1.258
4.242
19.042
3.323
5.512
2.765
2.547
10.171
3.181
1.064
1.000
1.448
2.253
1.205
1.906
5.302
1.091
19.568
1.222
1.891
29.605
1.635
9.901
1.383
3.068
1.194
6.914
1.152
4.410
1.017
2.262
9.036
1.820
3.651
6.511
1.663
1.022
5.976
4.914
1.532
1.414
2.382
7.538
3.772
13.209
1.042
8.321
4.327
1.445
20.665
2.471
1754.215
42.255
4.960
1.167
4.337
4.693
3.233
1.092
30.664
1.740
6.277
1.806
1.633
3.138
7.480
1.654
10.730
1.987
1.340
2.208
57.259
2.796
2.039
2.644
10541.077
37.547
1.796
179.606
1.386
1.731
1.167
1.176
18.902
1.251
1.724
8.286
3.994
1.395
7.797
14.911
3.590
2.193
13.963
36.022
119.705
2.245
4.759
41.862
1.062
1.342
1.710
7.768
1.354
18.171
4.048
3.002
1.199
1.180
15.381
1.545
1.029
1.185
30.813
2.897
2.009
1.021
18.935
3.584
2.209
1.991
26.340
6.003
1.446
1.484
36.317
1.168
1.762
6.401
2.956
2.574
1.561
2.909
22.859
3.062
1.211
2.497
7.339
56.080
1.541
9.997
13.907
7.739
2.014
2.232
6.013
5.592
66.226
74.599
1.503
7.650
1.716
1.322
1.925
13.550
1.328
2.371
12.667
500.865
15.099
25.034
1.007
2.077
1.037
2.100
12.301
7.975
34.663
2.707
2.107
1.508
5.360
2.398
2.268
1.997
16.610
1.613
222.574
9.645
8.794
1259.870
7.462
3.871
2.736
12.828
1.142
44.665
22.721
1.525
1.433
1.955
10.933
1.129
1.286
1.347
83.503
35.221
1.485
2.275
14.777
1.116
2.035
1.162
20.514
1.424
3.691
1.032
7.044
1.333
3.942
4.351
7.468
1.049
3.503
1.653
12.667
4.424
1.012
1.362
2.055
1.042
7.270
3.782
2.777
1.252
2.823
35.938
214.090
170.141
15.260
4.427
1.635
1.984
1.745
8.288
2.022
8.469
1.322
1.879
4.706
1.550
1.107
1.707
150.930
65.616
3.270
1.138
4.268
2.292
1.409
1.146
1.204
3.734
1.522
3.592
23.996
2.966
61.951
13.713
2.743
10.143
2.313
1.471
2.065
1.629
22.945
3.492
1.516
2.073
3.511
23.846
15.558
14.409
1.333
1.267
20.454
1.636
30.699
2.049
231.623
2.214
1.049
3.543
1.198
12.470
2.090
1.712
5.319
1.016
3.318
123.926
42.998
4.663
141.430
93.893
2.103
1234.810
12.467
1.343
86.418
45.283
34.021
2.491
13.341
231.343
1.855
2.144
1.276
2.252
1.266
4.745
84.105
519.067
3.169
1.167
5.375
1.348
1.020
3.878
3.500
2.721
4.361
33.545
1.577
2.185
33.105
9.099
448.079
1.317
1.560
1.082
1.685
1.006
1.095
2.819
1.304
1.013
49.172
1.174
1.119
1.926
1.510
4.487
2.935
1.244
533.225
5.274
1.035
2.872
1.331
6.684
1.212
64.495
10.593
17.801
2.474
3.155
10.994
2.145
1.503
2.340
1.365
77.132
27.800
1.140
1.713
3.986
124.178
4.286
1.126
3.091
3.022
1.812
2.229
19.285
2.459
14.144
1.353
3.064
10.880
1.011
1.091
1.021
2.377
571.409
24.304
1.953
2.132
1.699
3.050
7.362
49.425
1.475
1.570
1.159
2.020
738.709
1.604
2.646
3.560
4.836
2.172
1.621
1.634
1.844
1.146
2.045
3.980
1.276
1.619
2.813
6.379
1.946
2.408
1.032
1.941
1.383
16.916
1.304
141.412
55.328
1.273
1.592
9.779
1.268
1.262
20.412
2.091
2.016
34.436
1.287
1.337
7.465
1.256
1.211
7.908
5.039
178.746
2.744
1.148
1.257
4.381
1.310
392.068
2.546
6.278
14.207
318.170
5.182
7.550
3264.865
1.886
1.252
1.388
968.712
1.049
2.053
2.567
1.680
5.844
76.751
6.248
31.431
1.483
5.062
2.797
72.762
7.949
1.102
2.711
15.410
3.744
3.363
5.406
1.534
27.148
1.026
312.175
1.324
4.389
2.418
4.484
1.363
2.971
27.775
1.794
7.186
1.034
1.781
1.705
1.162
2.978
2.845
5.830
16.689
2.624
8.443
124.346
1.447
1.037
1.002
1.215
3.744
3.644
12.374
6.477
1.582
11.101
2.027
2.337
1.390
47.126
68.086
2.700
53.983
1.284
1.062
9.176
2.337
1.253
1.224
2.927
1.570
1.532
21.428
4.718
301.283
6.596
1.841
1.146
1.815
1.025
1.753
1.411
1.010
2.235
59.875
1.343
2.016
34.737
5.653
1.208
1.275
3.893
1.690
1.006
1.849
1.989
9.196
12.091
13.181
16.118
5.085
2.209
2.209
2.530
8.787
1.650
2.854
29.108
21.013
7.371
1.288
7.516
1.200
2.338
11119.285
1.982
4.805
4.682
18.044
2.683
2.696
1.205
3.424
7.788
1.665
4.377
2.606
2.081
4.346
2.010
1.834
1.226
1.908
1.017
2.204
4.837
1.600
15.668
1.221
463.924
3.470
1.688
1.919
8.057
5.129
3.146
19.099
1.537
1.731
1.189
2.041
1.949
156.265
3.956
205.520
40.757
1.282
9.211
1.904
1.172
1.888
1.023
1.555
13.619
41.183
29.339
1.275
3.614
1.590
2.991
133.217
4.277
7.049
2.553
3.012
139.594
1.956
1.220
61.148
1.007
3.031
1.106
14.969
12.472
12.636
3.353
18.243
1.073
7.681
3.816
74.618
33.211
1.312
2.901
3.254
1.402
19.911
1.300
3.229
4.309
1.863
1.101
3.820
1.588
1.037
1.860
3.147
2.201
1.239
1.976
1.022
1.177
1.460
1.429
3.046
78.346
1.399
8.714
3.852
21.029
2.128
1.402
23.661
1.111
2.000
1.254
1.960
1.720
14.357
8.569
9.274
1.897
3.952
102.302
2.527
3.240
1.567
1.390
9.166
3.677
1.164
1.706
885.454
2.084
1.539
1.264
28.789
2.927
2.507
107.986
6.638
54.028
1.308
1.187
61.027
1.391
1.213
1.199
2.178
6.056
2.389
1.161
1.545
1.955
6.985
205.928
1.252
1226.696
1.495
1.329
2.314
1.043
1.370
6.098
2.082
1.752
4.681
4.004
13.711
2.189
13.544
16.235
1.709
1.502
1.474
9.425
3.441
56.214
5.752
5.497
3.753
2.367
7.316
96.295
5.206
6.334
1.095
1.231
1.020
4.716
10.648
5.618
3.147
1.346
5.490
13082.018
39.194
9.757
5.823
1.125
1.555
2.119
1.929
29.943
3.423
1.544
1.744
2.452
2.130
2.716
1.406
1.312
6.670
13.112
12.853
41144.502
3.369
1.871
1.794
13.877
2.269
18.538
23.634
4.253
2.624
1.402
1.637
1.134
4.457
1.804
9.343
5.870
5.410
1.001
1.856
6.062
12.683
3.113
4.135
1.235
1.416
7.458
9.649
50.115
78.095
2.617
2.138
1.729
13.828
4.024
2.819
9.697
1.101
1.485
7.017
7.861
4.215
66.063
3.038
4.695
4.489
1.845
