6.643
5.352
8.244
1.151
1.496
2.152
10.593
8.912
2.791
34.372
1.054
1.227
1.077
1.032
3.408
125.148
1.364
1.208
1.187
1.957
1.254
1.201
1.877
1.189
7.013
1.796
2.928
2.458
14.802
6.952
5.949
1.871
3.280
1.856
1.124
1.104
1.308
1.257
2.003
26.477
1.567
2.259
1.472
1.904
87.068
1.022
1.700
5.116
2.599
1.265
1.293
8.506
16.089
2.275
3.009
1.088
1.738
1.725
2.815
1.353
4.904
1.082
1.849
5.507
2.788
1.520
1.736
3.012
1.462
1.403
2.535
6.192
2.093
1.590
7.262
2.130
1.538
1.050
7.283
1.710
138.947
24.897
1.134
4.231
1.129
1.387
2.248
2.385
2.569
92.419
1.536
4.480
1.939
25.623
1.181
1.108
1.494
10.476
2.694
2.270
1.010
1.166
7.575
1.163
1.229
2.212
1.620
2.226
32.642
1.675
1.405
6.475
1.721
1.828
1.048
1.973
11.199
3.209
1.083
2.335
2.247
2.464
1.870
2.825
2.957
1.194
3.773
1.488
2.398
2.308
2.212
1.055
2.501
3.656
1.204
1.135
1.236
7.412
4.342
1.118
1.144
2.833
4.129
1.956
8.403
6.504
77.370
1.373
9.132
1.852
11.520
3.640
1.079
1.663
27.875
1.718
1.336
1.220
2.407
5.325
4.374
1.544
5.123
3.007
1.104
1.294
1.016
1.421
2.058
5.107
1.720
2.086
1.823
2.383
3.104
1.577
1.169
8.966
3.130
2.377
3.226
2.824
1.484
1.941
1.365
57.189
1.001
2.959
21.264
1.340
3.679
2.686
1.218
1.635
2.435
3.703
2.675
2.080
2.697
1.638
3.677
1.871
5.768
1.542
1.113
1.067
1.474
2.883
3.489
1.230
1.297
1.728
1.119
1.526
3.693
1.555
1.063
1.744
1.207
1.271
2.336
5.134
1.496
4.036
143.919
6.395
38.395
7.744
5.235
1.274
1.522
1.624
3.047
5.423
2.066
3.049
1.099
2.089
1.126
2.507
7.904
1.713
2.130
3.280
1.546
2.182
1.614
1.150
1.468
3.221
2.008
1.575
2.701
20.006
3.398
1.413
1.003
2.327
5.325
1.451
1.074
15.068
8.741
1.329
1.294
1.489
1.595
1.244
2.137
1.207
110.526
1.288
1.676
1.505
2.686
1.205
1.120
1.920
1.294
1.191
1.238
4.539
1.091
6.503
1.167
1.277
2.147
3.162
1.077
13.848
1.436
12.829
2.900
1.962
3.050
2.222
3.234
1.607
1.053
2.903
1.455
1.166
2.545
1.513
3.115
4.843
10.290
41638.888
3.022
2.791
2.320
1.420
2.365
16.440
9.197
4.449
4.028
1.018
2.642
1.054
1.120
1.889
2.778
7.145
2.129
3.041
2.282
2.418
1.003
1.353
2.871
3.004
5.251
1.613
1.323
1.640
2.219
169.370
2.751
6.631
1.243
1.203
2.291
1.574
1.484
1.475
18.246
3.025
1.828
1.214
15.344
1.124
1.560
2.889
1.398
10.302
1.052
1.149
5.663
1.074
3.322
8.001
1.602
3.052
5.725
1.189
8.059
1.013
8.310
3.131
1.210
1.907
1.966
5.864
1.797
3.193
1.716
1.067
1.173
1.401
7.278
2.167
1.035
1.595
1.329
5.102
3.571
2.224
4.131
1.830
1.288
2.813
1.278
1.953
1.516
2.570
2.548
2.417
1.401
2.027
7.315
1.976
1.060
1.272
1.156
1.005
1.118
6.816
1.962
1.088
1.030
5.289
2.360
1.098
10.430
1.659
6.249
1.118
3.806
1.598
1.882
3.829
1.005
1.788
2.058
2.108
1.060
2.001
1.249
1.943
1.303
6.595
2.805
4.334
5.507
1.122
1.734
3.087
1.142
2.692
1.635
1.040
8.364
3.198
6.856
1.440
6.456
3.933
2.560
7.482
4.867
2.969
1.211
4.007
130.185
1.181
3.469
4.963
13.678
1.094
1.595
2.808
9.542
1.304
1.863
23.943
1.883
2.438
1.904
12.423
8.672
1.681
1.891
2.877
2.920
1.466
1.337
1.616
1.509
3.735
1.190
1.039
3.409
1.096
17.275
1.762
1.132
1.125
2.693
1.744
7.664
1.524
2.034
51.532
1.197
1.159
17.288
1.170
1.709
1.128
9.712
1.674
2.606
14.480
3.323
1.028
32.351
2.158
7.146
3.039
1.037
9.235
2.768
1.736
17.630
1.527
1.573
1.027
1.234
11.234
1.199
2.054
2.011
2.202
1.712
13.639
3.849
3.041
1.747
4.086
1.244
2.734
5.522
2.330
1.213
3.120
1.424
1.680
1.458
1.280
1.288
2.968
1.515
1.212
3.627
2.409
18.725
1.110
1.679
1.300
14.523
1.588
28.110
1.064
11.999
1.624
1.962
22.743
1.202
1.089
1.923
1.180
8.030
2.177
10.185
2.615
3.005
2.179
6.006
10.721
1.562
3.416
1.019
10.512
3.582
1.261
1.203
1.095
2.687
5.056
12.956
1.503
26.953
1.378
2.527
7.643
1.667
1.254
1.006
18.923
33.877
3.150
1.198
30.997
3.434
3.126
2.865
14.380
2.788
1.629
1.914
1.886
1.056
1.435
1.016
5.972
2.612
7.437
1.018
1.248
1.479
1.083
4.824
3.953
2.284
1.024
3.603
5.788
14.382
1.031
3.607
14.446
1.569
46.989
5.977
1.117
30.905
16.978
7.413
1.033
3.360
14.148
2.918
11.251
1.710
1.106
2.072
5.533
1.039
1.666
1.235
1.245
1.324
4.866
1.636
2.215
1.847
3.630
1.428
1.415
2.518
1.153
5.898
3.211
9.173
1.675
2.081
1.266
2.510
2.937
1.085
1.455
1.054
1.560
1.359
2.097
3.648
2.733
17.582
5.797
1.815
2.877
10.571
3.192
1.237
2.900
19.471
1.030
3.649
1.642
3.293
1.001
1.432
1.043
1.106
1.936
3.461
1.676
3.778
2.475
2.962
2.160
5.508
2.975
1.445
4.323
1.466
1.082
1.100
2.401
1.248
1.415
2.946
2.176
1.179
11.551
1.053
1.639
1.982
1.190
1.202
1.424
1.224
2.672
5.223
1.492
12.933
1.762
7.444
1.666
6.776
4.375
1.966
5.778
1.273
1.437
1.709
1.197
1.100
6.555
2.418
1.011
1.328
3.713
1.874
1.718
1.305
1.091
2.880
1.270
1.211
1.737
1.927
3.116
2.193
3.334
106.583
4.977
4.254
14.015
221.261
49.680
1.173
1.631
3.778
3.593
1.180
1.711
2.858
29.301
2.415
1.130
2.573
1.031
6.822
1.309
2.016
2.514
1.144
1.732
2.736
1.392
1.157
3.877
1.033
4.609
1.169
1.997
18.857
8.804
1.032
1.003
3.230
1.520
1.181
4.704
1.384
7.397
1.213
4.101
1.514
1.721
1.588
4.056
4.646
1.590
1.611
1.389
2.402
1.982
2.816
1.894
1.732
5.704
1.029
3.883
1.942
1.052
2.179
23.342
3.187
2.095
6.563
1.604
1.378
3.909
1.765
1.160
1.614
2.423
1.962
3.513
359.409
1.882
4.513
1.661
1.178
5.624
2.298
1.247
1.159
7.118
14.369
8.854
1.196
1.056
1.289
1.644
2240.406
6.508
2.889
2.292
1.190
8.766
1.287
3.771
5.360
1.282
1.319
1.795
5.017
14.228
23.317
11.724
1.865
1.653
1.383
1.070
6.472
1.022
2.460
1.653
2.102
2.087
8.268
392.159
2.824
8.746
16.352
1.785
1.019
2.717
2.731
4.414
11.258
1.271
1.422
4.120
1.060
2.049
20.376
1.912
1.018
1.827
1.847
25.052
1.917
1.211
2.718
2.157
1.838
1.805
1.450
1.038
2081.065
1.460
1.796
2.104
2.143
1.252
1.852
3.103
22.316
3.272
3.264
1.320
2.251
1.272
3.725
2.370
1.566
3.450
11.536
1.848
1.876
4.182
5.105
2.821
1.810
1.412
1.460
5.397
3.303
1.729
1.454
1.999
1.154
1.007
1.285
1.265
1.928
6.045
1.375
3.197
1.072
1.102
747.334
2.549
1.087
9.257
3.110
19.448
1.548
6.587
1.527
1.020
2.834
12.158
1.021
1.178
1.460
4.545
1.234
2.296
3.775
3.906
6.963
2.679
2.552
3.908
1.683
1.336
1.049
16.104
1.040
1.139
2.951
1.790
3.245
1.003
2.120
1.483
2.468
5.748
1.197
1.683
1.300
14.339
2.169
1.006
1.491
1.286
1.415
1.305
3.806
4.741
5.898
4.663
3.740
1.721
4.384
1.015
1.098
2.303
10.616
2.852
3.785
3.513
3.010
1.144
