1.565
1.378
1.401
3.317
10.695
1.114
1.264
1.345
2.994
1.975
2.787
1.644
2.131
3.519
139.612
2.518
1.079
107.634
6.202
2.757
3.565
9.433
1.322
1.799
3.476
1.863
1.440
10.338
1.808
1.064
4.245
2.223
5.807
1.514
1.365
1.118
1.230
1.792
1.127
1.432
4.153
2.385
1.000
6.853
1.011
3.637
1.259
1.003
4.465
10.605
4.738
1.264
18.105
1.685
1.484
5.265
1.365
1.035
2.421
3.966
10.340
1.513
1.385
1.927
2.216
4.489
24.630
1.300
1.300
1.137
1.032
1.147
1.666
3.046
1.498
1.265
1.266
3.444
1.736
1.156
1.217
4.743
2.120
8.150
1.445
26.581
3.043
1.209
2.610
3.257
2.741
4.792
1.352
2.732
1.732
1.781
5.250
1.344
2.031
9.478
1.248
1.571
2.567
2.585
3.630
1.375
1.316
1.160
9.564
16.982
3.940
1.250
1.267
1.764
2.500
1.934
1.025
1.185
1.339
3.075
3.502
1.372
1.935
8.072
2.216
2.256
2.048
2.920
1.134
1.898
1.280
6.632
2.753
1.144
18.952
1.212
1.836
2.180
1.877
1.217
1.305
3.173
1.511
1.654
2.643
2.937
1.443
1.136
3.420
56.196
1.053
1.111
2.246
2.173
1.330
1.492
1.534
1.482
1.006
3.038
1.349
2.629
1.039
6.990
1.163
1.045
2.397
1.267
1.083
1.297
1.840
1.535
2.230
1.264
1.623
2.682
1.967
2.822
10.688
1.285
5.837
1.287
1.986
1.200
1.086
1.771
1.170
16.132
1.005
2.230
1.029
3.778
2.178
2.459
7.059
1.877
2.346
1.421
1.102
1.447
5.636
1.856
1.938
5.632
2.845
1.990
1.152
2.537
3.394
2.833
15.852
1.376
3.150
1.341
1.680
1.166
1.596
104.405
8.285
1.317
3.012
1.156
1.834
1.005
1.359
68.472
1.219
20.046
2.944
1.347
3.431
7.216
4.810
1.228
3.126
1.662
3.811
1.681
1.195
6.759
1.314
3.831
1.353
1.148
50.527
1.108
17.023
1.404
8.496
3.594
2.746
1.468
4.296
3.780
1.687
1.558
2.404
1.034
1.406
1.647
4.924
1.793
2.290
2.394
2.221
1.013
1.508
1.451
1.943
1.132
1.748
44.987
1.174
2.087
2.376
1.633
1.301
4.577
3.358
1.764
1.027
1.782
1.613
1.461
1.205
1.460
1.282
1.118
30.045
6.517
2.190
62.746
3.504
1.161
1.870
1.224
1.729
1.327
1.705
1.257
1.257
1.446
2.713
32.248
26.958
4.451
2.212
2.678
1.330
5.303
2.483
15.356
1.449
2.672
16.984
1.537
2.922
1.180
1.196
1.027
1.051
1.454
21.690
8.365
5.594
12.429
2.845
1.267
1.151
1.165
1.395
1.179
1.063
2.818
23.206
1.277
1.535
4.857
1.107
1.645
93.026
1.359
11.859
1.214
4.225
1.212
1.115
2.148
1.872
7.459
2.500
1.584
1.356
1.290
1.872
5.009
2.094
16.253
2.014
15.530
10.793
23.451
2.680
2.010
1.010
2.575
1.532
1.355
1.117
1.075
3.768
1.910
3.199
1.320
1.119
3.773
1.068
1.104
2.373
6.986
2.108
4.399
1.363
1.049
4.943
18.977
2.761
3.620
2.098
1.136
1.399
1.896
1.353
1.910
29.771
1.161
2.011
1.132
25.894
31.228
2.498
4.049
1.044
2.874
2.578
3.265
3.006
1.167
2.052
1.426
3.283
1.544
1.092
1.104
2.727
21.593
1.080
1.595
2.648
1.080
2.644
5.935
2.775
19.056
2.971
3.372
1.975
4.568
1.262
1.223
15.114
2.457
17.447
1.230
2.268
1.108
1466.033
54.472
4.114
16.225
4.801
2.561
3.318
117.711
2.586
1.408
1.834
1.050
3.026
2.823
1.289
1.084
1.591
3.241
1.394
2.082
2.261
3.592
1.042
2.300
11.446
63.357
1.123
1.475
120.074
4.204
3.214
1.361
3.849
1.348
48.469
1.584
1.929
23.455
1.123
1.064
5.309
1.231
1.642
5.134
1.014
7.436
2.135
2.772
3.847
1.138
10.137
1.116
1.106
13.434
8.415
1.056
1.319
1.106
1.332
1.909
12.474
1.727
2.101
1.373
13.848
1.826
3.343
1.600
2.652
1.162
3.860
12.107
4.049
4.819
1.661
2.605
3.083
1.566
1.196
1.968
2.914
37.346
54.505
1.326
2.609
2.079
1.439
1.766
1.189
3.022
1.030
1.569
92.089
2.713
2.216
1.086
2.639
1.913
87.651
1.137
1.607
17.482
1.530
3.594
4.692
1.042
4.136
1.074
14.966
2.678
10.217
1.257
1.571
1.501
1.803
1.202
1.316
1.453
3.586
1.649
1.000
3.425
1.308
1.879
1.533
4.882
1.285
1.360
4.279
1.505
2.969
41.571
1.528
1.072
2.444
4.503
1.158
1.197
15.527
7.478
4.519
3.889
1.120
1.173
1.184
1.075
1.057
1.067
1.624
10.528
1.108
1.025
44.217
1.980
1.056
1.953
1.233
4.344
4.253
1.499
1.626
2.829
3.184
3.650
1.888
2.390
6.865
2.040
2.789
5.755
1.523
3.131
1.444
47.360
3.798
11.742
1.289
9.212
3.962
1.173
1.072
8.510
1.650
43.719
2.860
3.191
2.386
1.960
1.291
1.316
1.800
1.667
1.789
2.850
1.499
2.161
3.681
1.294
9.081
2.096
3.058
1.888
1.583
1.216
2.041
1.286
1.356
4.699
6.101
2.889
3.227
30.305
3.258
1.330
2.984
10.878
1.166
1.273
1.227
1.621
1.258
1.341
1.367
4.210
1.903
3.006
1.151
1.028
1.143
1.802
56.365
5.548
1.867
1.670
1.063
5.107
28.235
2.107
1.168
2.714
14.357
2.196
18.243
1.134
1.020
3.880
1.931
1.661
1.380
5.174
1.050
3.831
1.356
8.547
3.779
8.581
8.339
618.830
1.199
1.514
1.501
3.247
1.081
21.874
1.663
3.031
41.677
1.550
11.970
1.851
1.376
3.896
4.004
1.944
1.634
2.011
1.647
1.768
2.686
55.353
1.298
8.227
1.191
1.287
1.052
14.221
7.908
9.432
1.664
6.213
2.921
1.366
6.812
2.071
1.244
12.647
64.821
2.881
3.503
3.569
1.352
10.839
2.062
13.172
1.381
1.201
2.257
1.457
1.073
1.060
1.902
1.854
1.058
1.046
2.316
1.495
1.416
84.482
1.434
1.586
5.705
1.025
1.800
2.431
2.194
1.499
1.773
1.581
83.353
22.773
2.454
2.600
11.312
3.418
1.626
2.115
2.477
1.203
1.444
2.124
4.159
2.894
23.113
1.484
1.665
1.259
1.739
3.532
3.095
1.778
2.478
1.603
1.706
1.786
1.753
2.902
2.542
1.424
1.257
1.651
5.542
6.328
1.972
1.296
1.700
1.352
2.236
1.107
1.515
1.665
1.257
3.016
1.173
10.477
1.093
262.296
1.727
21.566
4.023
1.027
1.361
2.639
3.120
2.309
1.950
1.969
36.544
3.176
1.144
1.942
11.033
2.004
1.222
1.058
15.029
1.838
1.021
1.650
1.531
1.057
1.620
1.077
1.027
2.373
2.395
1.869
5.694
2.243
1.317
1.231
1.690
1.007
1.669
4.210
2.263
1.881
3.970
2.458
8.154
1.170
1.059
1.192
1.487
6.489
6.178
6.291
1.196
1.868
1.018
5.013
2.766
1.440
4.031
1.095
15.666
1.141
1.034
1.097
6.128
49.882
2.819
3.266
2.593
1.882
1.061
1.682
1.254
3.236
1.498
2.330
28.644
3.574
1.759
1.492
252.907
1.315
1.101
1.312
1.065
1.100
2.628
3.357
2.905
2.235
10.020
1.501
33.657
2.121
10.972
2.101
1.870
1.944
2.609
1.092
1.218
3.137
1.013
1.670
3.939
3.871
3.597
1.105
2.190
1.122
1.239
12.429
2.241
4.034
1.086
1.216
4.188
4.931
1.418
1.032
1.572
10.633
73.694
3.529
1.475
2.163
9.136
18.471
2.945
1.094
1.305
1.231
5.423
2.234
1.573
3.008
5.305
1.474
1.550
5.445
2.353
1.685
1.363
2.398
1.253
3.616
2.043
1.936
1.108
1.215
1.006
2.738
1.543
1.160
1.254
3.662
3.755
1.227
1.313
1.932
23.378
1.360
1.778
2.349
12.284
3.036
12.989
3.765
2.468
1.035
16.534
1.774
1.294
4.060
1.396
1.232
1.288
1.404
1.259
4.842
4.002
1.979
3.968
1.419
1.932
3.572
1.892
2.376
1.209
1.425
