18.351
15.373
1.895
2.454
1.304
2.091
2.704
1.697
1.505
2.184
116.274
21.997
6.725
8.410
2.921
1.452
2.395
3.777
2.099
1.071
11.093
476.950
35.953
1.319
35.589
7.160
44.325
1.224
1.151
2.157
608.975
100.371
1.517
6.050
645.275
5.826
4.988
211.253
1.934
1.309
1.202
15.522
5644.524
1.185
1.572
1.743
1.276
1.477
1.474
1.107
19.707
3.603
1.719
1.717
21.345
97.612
2.301
2.226
1.455
1.597
1.003
13.485
1.214
57.806
1.074
1.954
1.633
101.840
53.039
1.349
32.894
80.475
1.751
30.280
341655.528
2.775
6.445
47.569
2234.409
2.479
180.316
120.332
3.355
2.583
156.413
2.625
2.569
9.960
2.273
1.616
143.964
3.163
1.476
1.129
2.206
1.713
2.771
21.134
1.343
1.946
18.416
23.637
8.155
2.711
2.508
22.580
6.963
5.617
1.538
19790.973
2.463
1.599
6.200
1.191
20.741
15.417
15.249
5.534
1.408
2.294
4.746
212.104
55.687
3.524
64.255
1.020
6.906
7.652
2.712
1.260
1.623
6.119
2.305
1.208
4.340
18.786
81.015
1.039
11.262
28.252
44.603
33.851
1.208
6.293
10.218
1.609
1.301
1.146
122.338
2.711
27.171
1.376
3.515
1.224
8.367
17.942
1.136
27.336
3.173
1.187
32.829
186.982
1.330
1.356
1.030
1.264
3.514
31.452
3.778
2.294
2.075
638.168
3.402
1.164
43.178
6.333
1.594
1506.484
1.412
29.386
3.159
13.637
1.438
4.504
13.093
4.724
2.798
1.596
1.662
1.120
4.169
9.127
547.309
2.988
50.225
1.195
1.694
4.316
1.927
12.218
19.910
1.176
11.308
4.141
2.231
10.811
7220.208
2.418
2.813
1.072
1.815
1.477
15.827
3.453
3.994
2.750
1.149
1.273
1.288
8.587
4.087
1.015
1.945
3.956
5.454
9.434
11.845
1.452
1.694
6.502
2.101
3.437
9.328
1.855
3.324
201.758
43.453
210.615
3.851
2.066
1.103
2.541
2.171
1.056
1.709
2.402
2.685
304.391
2.460
2.236
1.085
11.091
364.580
3.700
1.067
20.914
1.552
1.300
5.221
1.609
21.789
1395.869
1.705
1.672
50.619
2.807
1.511
1.229
6.845
3.855
1.818
4.492
1.227
3.002
1.528
18.479
3.815
1.192
5.440
2.225
20.759
2.699
1.801
2.482
2891.456
1.006
8.400
2.058
309.849
1.266
1.490
19.810
1.614
2.482
5.385
3.809
2.979
1.067
4.780
1.426
2.038
15.316
1.203
1.943
1.755
1.162
27560.874
7.657
7.028
4.801
1.282
1.476
1229.575
2.111
2.932
7.466
2.968
2.851
22.971
2.132
3.900
1.167
152.352
10.067
1.462
2.983
2.754
38.222
1.358
4.048
3.286
1.179
6.759
9.138
1.446
13.199
245.946
21.835
2.672
1.860
3.904
2517.058
2.231
3.393
38.298
79.858
579.201
1.454
1.051
1.998
9.652
14.222
3.803
1.749
1.046
3.233
4.302
2.017
167.410
2.533
3.869
11.512
3.795
11.189
147.723
2.429
3.016
2.138
8.278
2.157
277.564
23.381
1.106
575.503
8.545
2.015
2.292
6.590
18.291
45927.502
1.819
63.135
1.691
1.002
2694.440
10.739
11.099
2.153
8.626
3.042
29.305
1.903
3.444
13.232
167.307
13.304
466.138
1.482
4.020
85.384
207.335
57.380
1.652
21.155
4.358
28.587
3.313
10.828
1.439
11.729
1.139
2657.882
1.482
3.165
8.699
2.245
8.943
3.219
1.656
34.242
37.662
5.590
20.367
1.078
20.758
16.061
1.716
10.774
46.375
1.314
6.035
1.537
1.346
1.121
8.089
3.168
424.239
3.520
6.229
3.399
62.778
1.762
2.858
5.336
8.373
48.299
1.576
2.184
21385.290
10.905
4.029
2.079
272.186
2.217
2.316
1.308
1.531
5.911
29.185
12.438
3736.658
1.957
63.160
1.020
48.003
16.566
7.368
36039.995
2.672
3.215
110.239
23.235
6.999
535.642
1.271
10.886
5.014
2.256
2.139
1.623
3.838
26.635
2.668
1.031
1.191
2.029
137.970
99.886
17.216
2.626
1.245
35.651
169.401
2.133
2.162
89.036
5.310
1.127
8.780
1.006
2193.259
1.403
10.689
1.237
1147.577
2.045
1.831
4.055
4.520
2.006
3.791
20.753
24.497
50.183
1.131
1.045
1.831
102125.148
107.423
1.682
1.239
51.017
1.095
7.175
22.775
1.120
1.354
3.133
2.363
537.059
11.143
4.469
1.635
1.667
5.308
2.465
2.875
2.809
1.293
1.429
4.670
1.803
5.831
1.575
3.439
35.657
2.333
1.626
1.028
8.848
3.860
1.437
23.597
1.402
64.562
1.460
26.620
3.745
1.363
1.017
3.914
125.738
2.360
16.908
2.616
24.945
3.117
7.411
354.327
2.991
1723.562
39.726
2.044
1.450
1.857
156.885
3.359
6.617
39.753
2.672
9.404
8.022
1.234
1.947
1.255
7.548
2.488
8.438
1.811
7.602
1.006
10.950
6.649
1.342
1.912
2.418
1.686
88.881
507.342
25.991
5.196
61.363
19.936
1.331
1.080
1.092
4.942
275.141
1.044
1.311
141.442
7425.779
1.473
2.226
1.013
13.270
2.366
410.943
2.194
1.230
25.424
2.795
1.511
11.315
1.029
7.043
3.260
1.251
18.458
27.298
1.433
8.982
1.035
1.976
7.041
15.241
27774.143
13.649
3.208
92.726
1220.986
6.885
5.695
1.208
1.013
2003.952
2.350
1.193
61.854
1.060
1.281
1.604
1.601
1.558
1.377
4.644
2.909
1.094
260.175
3.782
9.178
3.086
1.248
2.382
4.264
1.823
1.420
148.816
2.185
21.903
7.257
17.580
2.985
124.697
1784.629
8.972
2.964
7.388
102.877
3.636
2.799
1.179
1.470
1643.815
10.599
5.480
27.300
3.222
3.931
1.168
5.494
1.232
71.295
4.283
1.209
30.413
2.751
1.579
4.069
89.150
5.169
4.838
7.769
9.632
1.247
17.847
4.483
14.218
30.489
1.545
185.599
29.227
6.085
1.004
3.441
1.528
5.192
1.435
10.055
2.128
141.495
1.212
1.146
2.146
1.463
9.302
34.287
1.014
5.923
4.336
137.388
163.714
6.511
243.996
87.758
22.137
204.572
4.945
1.514
1119.369
11.683
60.194
7.868
1.860
15.568
1.750
2.716
1.732
36.336
69.172
2.238
11.783
1.104
2.219
1.211
1.621
1.012
42.764
3.106
5.293
2.514
1.165
54.582
14.041
2.791
3.281
1.769
3.566
1.780
1.253
12.689
1.072
6.585
2.979
1.374
1.321
2.852
7.388
4.809
10.688
1.031
4.466
25.414
5.928
2.334
2.145
2.381
3.214
1.490
2.269
3.081
1.272
31.268
7.050
96.473
10.649
2.251
4.873
8.475
21.840
3.827
1.315
1.964
3.015
52.568
1.626
220.616
2.348
10.369
1.025
187.758
134.692
2.183
1.013
2.761
160.649
6.563
1.232
226.995
10.175
27.895
7.434
11.465
1.585
6.025
2.186
2.314
239.690
16.315
13.609
5.109
32.572
12.486
1.882
5.487
5.084
6.194
9.520
79.394
1.062
9.214
91868.435
1.004
8.446
1.022
33.416
2.545
1.694
16.185
9.860
1.015
68.651
1.124
1.244
1.611
1.885
2.572
1.044
8.090
6.281
4454.141
1.919
2.919
1.942
5.464
1.016
2.161
12.520
1.884
3.577
22.884
2.055
1.472
3.405
1.009
17.637
2.634
64.892
49.327
12.918
95.367
14.328
1.465
1.384
1.374
3.007
74.141
3.440
1.573
2.165
1.013
28.964
12.582
1.996
1.831
2.322
33.270
2.184
7.969
10.696
1.590
271.735
1.422
16.762
2.948
61.928
6.936
150.600
3.288
1.696
1.754
2.270
629.829
38.331
3.509
1.370
110.524
1.158
4.823
1.169
3.584
1.270
1.552
2.320
5.863
6.584
3.819
1.134
2.182
1.397
1.745
68.317
3.875
3.149
1.712
170.306
11.424
20.311
4.762
11.205
2.506
175.509
16.347
173.248
9.524
4.377
3.258
2.486
14.290
3.378
3.666
205.762
1.123
23.673
12.997
4.738
6.865
1.185
3.887
23.071
103.263
1.028
2.265
30.694
1.699
1.625
110.981
8.647
1.131
1.991
1.768
1.679
13.092
1.192
1.089
13.787
1.612
29.961
1.063
12.968
2.097
18.263
1.419
3.521
31.825
5.239
3.355
3.600
5.386
1.954
1343.252
24.097
38.505
3.565
6.117
5.368
2.383
2.547
7.649
1.573
