1.644
2.472
1.540
3.442
8.010
1.767
3.594
1.103
6.293
1.027
1.200
1.821
22.035
3.469
1.214
1.826
4.394
1.400
10.934
19.838
1.525
2.107
4.370
1.823
5.543
1.400
1.190
2.448
1.070
1.854
1.012
1.105
1.355
1.479
2.460
2.884
2.962
2.105
2.237
12.009
1.802
2.011
10.942
2.187
1.314
3.539
1.428
1.254
2.077
4.580
162.978
2.837
13.260
1.447
27.860
1.632
1.181
1.084
22.093
3.732
1.591
3.528
3.887
1.049
7.284
1.811
1.557
5.900
1.018
1.422
23.073
1.123
2.517
1.830
8.671
1.731
2.464
4.499
2.341
1.999
1.065
1.189
1.318
1.956
2.548
4.372
2.714
1.097
45.702
7.594
1.414
2.688
1.034
3.096
1.839
6.737
1.419
2.111
1.325
1.721
2.420
18.167
1.717
2.669
8.415
3.465
90.224
1.732
1.438
2.546
2.684
1.018
3.384
8.695
1.429
5.321
1.526
4.397
9.371
1.061
1.078
15.109
2.943
1.519
2.560
1.930
81.567
1.249
1.620
14.028
1.846
3.316
20.088
1.050
1.812
2.426
6.282
4.021
1.532
1.030
1.070
7.407
3.805
6.029
13.583
3.065
55.103
2.671
1.512
3.194
1.098
2.003
1.437
2.716
4.056
1.388
22.532
1.584
1.027
1.294
13.920
2.626
1.314
4.678
1.749
1.267
14.825
9.226
1.096
2.057
1.716
2.365
2.766
179.848
1.989
2.845
12.768
11.695
17.700
12.252
1.327
6.941
1.114
20.980
1.333
5.854
1.533
1.133
1.322
4.456
71.616
3.471
233.130
1.400
3.269
1.022
4.545
2.269
1.203
2.004
1.762
2.121
15.183
1.343
2.012
16.985
1.425
64.969
2.405
1.997
1.265
1.061
1.383
4.523
2.032
7.627
2.277
1.317
1.772
13.202
1.116
3.631
1.473
10.918
1.306
1.670
1.128
11.178
1.049
1.721
1.423
83.493
10.268
1.417
3.325
1.342
1.098
1.128
2.738
1.414
1.111
4.918
1.456
8.296
4.228
1.963
4.573
3.248
3.650
42.262
1.092
1.155
1.040
4.650
1.037
3.265
46.631
1.481
7.432
1.224
1.317
2370.325
27.139
1.488
1.722
1.494
2.329
3.438
1.087
1.503
3.451
1.033
1.101
1.056
1.512
5.347
351.416
1.347
4.673
1.525
5.114
1.271
4.542
1.968
53.423
1.582
13.584
15.358
1.280
41.311
3.133
1.340
556.345
1.294
1.002
1.373
4.167
1.271
19.627
6.934
1.005
12.983
22.858
177.359
6.049
3.413
18716.040
5.556
1.039
2.204
7.478
2.016
8.450
2.782
1.192
2.252
1.473
5.497
2.040
12.053
1.186
1.882
1.561
2.120
4083.294
1.671
1.516
3.897
14.409
1.530
97.026
3.916
1.057
2.758
1.200
2.859
9.310
17.423
35.661
1.046
1.304
1.561
46.703
11.248
3.094
5.771
2.919
11.145
1.364
5.280
7.058
1.041
1.674
1.108
7.789
1.560
30.288
1.686
1.043
4.951
1.092
1.008
1.327
1.861
3.000
4.461
1.398
3.370
3.426
1.547
2.522
1.886
1.080
298.657
3.461
2.406
1.645
1.717
8.308
1.094
4.056
1.182
1.868
2.672
1.636
2.246
2.135
6.204
37.374
3.366
3.679
6.286
58.519
13.375
1.373
1.733
1.433
9.804
11.920
4.424
1.165
1.081
666.719
1.269
1.596
2.543
1.010
4.312
4.356
1.205
20.210
7.161
1.187
1.147
3.851
2.869
2.755
2.590
1.700
1.079
2.923
31.573
7.041
1.080
1.037
1.232
8.780
2.109
8.156
2.151
4.140
1.848
1.074
1.407
1.322
3.268
4.034
2.015
1.057
1.617
4.600
1.364
2.642
1.219
1.056
1.572
1.438
3.444
1.013
1.827
2.999
1.804
3.901
2.104
1.013
1.936
12.757
2.027
1.460
1.369
30.386
2.275
8.685
1.243
1.946
1.148
1.150
21.115
1.313
1.378
2.373
1.517
2.866
1.390
21.748
1.470
4.839
2.302
2.625
1.773
1.199
3.309
4.871
45.075
1.129
15.695
1.151
14.372
2.227
2.762
12.582
158.072
2.283
1.941
3.763
1.249
5.877
1.098
1.172
2.559
4.278
1.889
1.030
57.610
22.757
1.419
1.432
2.364
1.502
21.984
9.167
1.014
2.313
9.975
8.587
3.274
1.425
12.830
1.656
2.253
1.722
2.493
12.752
1.294
1.331
2.832
3.199
15.731
1.111
1.025
3.044
1.379
7.731
1.223
1.543
1.312
2.063
1.272
4.235
2.935
5.406
2.211
6.623
2.712
28.565
1.580
4.460
8.845
1.864
1.149
3.172
4.034
14.732
1.707
8.459
1.465
1.738
2.579
31.711
10.000
1.359
1.517
1.096
2.133
58.269
2.803
1.849
3.202
1.934
1.168
1.878
3.467
39.289
3.703
1.745
6.091
2.316
1.047
1.460
1.070
1.415
1.018
9.433
1.326
3.519
4.188
11.192
6.376
4.394
577.277
1.666
2.124
1.155
2.398
3.864
9.254
2.587
2.166
1.355
98.523
1.900
16.199
1.838
2.453
11.489
2.811
1.322
5.734
1.155
7.502
2.278
1.107
11.200
1.318
1.382
1.169
1.156
1.032
31.798
4.893
1.040
1.427
4.879
1.430
11.320
20.241
1.043
1.473
5.783
4.525
44.480
3.885
15.255
1.358
1.103
1.561
1.736
4.772
2.286
1.086
2.952
2.836
2.142
19.701
17.751
1.817
2.855
1.596
158.449
1.456
6.853
1.179
1.084
57.692
4.947
2.560
1.194
7.359
17.323
1.094
80.953
1.149
5.053
1.051
4.482
7.028
8.417
1.602
2.228
1.059
1.750
22.555
2.700
5.502
1.042
1.102
1.358
2.162
1.642
2.024
4.086
20.122
1.209
2.225
3.554
4.716
6.852
2.703
10.052
1.205
1.568
1.508
1.909
1.378
10.779
24.331
1.032
1.772
1.145
70.337
114.048
1.403
4.787
1.417
1.082
6.406
1.425
4.995
39.995
1.767
4.640
3.651
3.270
7.181
4.360
2.249
9.361
1.136
3.777
3.732
3.294
1.695
1.193
4.703
1.109
1.484
162.989
1.617
1.310
1.425
1.914
1.037
4.357
1.634
6.150
38.681
1.830
2.612
1.754
1.870
1.507
1.022
1.998
1.564
1.195
1.174
1.678
2.510
3.624
2.851
125.014
1.316
3.934
1.481
1.639
1.204
50.214
6.854
1.823
3.175
6.426
3.825
4.889
8.391
1.507
4.328
1.700
9.283
1.691
2.051
1.354
8.862
1.287
2.887
1.602
3.737
1.613
1.250
1.094
1.030
3.466
1.233
4.282
34.728
2.721
1.790
3.799
1.562
2.417
1.582
14.017
1.160
6.877
212.637
1.372
1.471
2.122
2.477
1.880
1.582
2.195
1.018
1.460
1.353
1.772
1.187
31.897
5.109
1.586
1.196
1.277
1.192
1.172
1.095
1.914
1.660
2.877
2.363
1.891
5.797
1.043
1.862
97.230
46.309
1.633
2.906
1.703
2.751
1.681
18.505
24.402
1.339
9.415
4.203
1.813
1.892
1.750
1.211
1.064
1.095
1.242
1.948
11.936
1.449
16.276
3.154
2.057
2.136
1.038
1.256
3.531
244.463
2.069
1.298
2.647
8.078
1.498
10.515
1.625
353.507
111.510
1.611
1.472
15.024
7.097
3.653
120.664
1.086
1.870
1.666
1.913
3.940
1.381
1.073
1.354
1.354
1.757
1.487
178.645
1.083
3.210
1.469
2.687
1.861
6.359
2.377
1.518
1.022
3.139
5.241
1.441
48.562
28.517
1.250
1.569
1.455
5.824
3.383
1.371
14.149
1.012
1.943
4.533
1.071
1.061
2.046
1.089
1.577
1.236
1.171
1.129
1.811
12.023
1.847
29.596
1.906
3.084
3.348
4.821
56.448
3.358
5.031
3.592
4.814
1.708
2.064
1.438
1.254
1.954
1.272
2.640
1.618
6.683
1.488
60.947
1.534
5.937
1350.167
7.479
3.911
2.612
1.005
5.703
67.967
5.237
1.331
12.531
2.996
4.383
10.852
3.526
1.389
1.196
4.388
2.819
1.027
3.653
4.257
1.893
1.421
1.171
2.013
22.864
5.982
1.026
3.304
1.238
31.328
6.941
4.430
1.062
1.048
3.803
2.491
2.862
3.790
1.040
38.380
3.637
10.304
343.139
2.243
1.623
3.381
5.314
1.024
28.781
1.233
2.279
18.660
1.032
1.375
1.734
2.197
1.125
18.811
1.146
1.519
4.556
6.034
