2.064
1.321
1.605
1.199
1.322
3.123
9.909
2.604
2.632
3.175
2.210
2.145
1.457
1.432
5.625
5.677
2.132
4.812
2.060
5.812
1.691
1.670
1.229
1.306
1.080
1.019
6.616
5.185
1.235
1.003
1.684
4.246
1.131
1.310
1.207
1.416
2.791
6.096
1.859
1.365
1.096
3.843
1.243
7.777
1.456
1.226
1.229
2.048
1.665
1.568
26.582
2.973
2.475
1.255
1.225
3.986
1.361
1.044
1.747
2.383
2.302
1.690
10.039
1.169
2.897
13.606
1.560
1.275
1.095
3.388
1.455
1.194
2.803
1.504
1.334
1.143
2.334
2.352
1.599
34.239
1.860
1.032
3.029
3.042
1.467
1.521
2.613
5.833
20.293
9.153
1.113
1.003
6.169
2.939
1.240
1.422
1.133
1.303
4.579
1.163
2.321
4.448
1.079
1.372
1.735
1.028
1.430
1.456
2.197
40.524
1.145
3.438
4.195
1.053
1.157
14.750
1.244
14.749
1.337
1.205
9.342
2.994
4.324
1.653
8.325
1.449
9.660
2.411
1.023
6.439
1.334
1.115
1.061
1.386
1.629
1.046
3.400
2.060
1.569
1.618
3.486
1.439
1.190
50.021
2.732
1.727
1.302
1.629
3.828
1.465
2.768
5.332
2.496
1.056
4.736
4.523
5.479
2.554
45.289
1.443
1.205
1.530
1.629
2.815
2.649
1.518
19.002
1.161
2.120
1.035
1.061
3.413
1.737
1.078
5.003
11.505
1.343
1.973
2.941
3.382
1.804
2.893
1.309
1.318
14.382
1.010
2.024
2.299
1.368
1.337
2.784
1.452
1.139
1.090
2.551
1.138
8.351
1.088
4.365
11.483
9.467
1.368
1.066
1.286
3.958
1.816
1.301
2.161
1.924
13.894
1.188
1.132
1.513
4.015
1.237
1.050
3.074
14.395
1.118
38.599
1.511
1.677
31.974
1.584
1.016
1.845
1.092
5.172
18.570
15.594
1.211
2.679
4.824
1.728
1.152
5.276
2.034
2.326
1.199
3.539
1.537
1.298
5.126
3.138
2.064
2.165
1.730
1.161
1.060
9.954
1.583
1.034
1.354
3.008
2.031
1.470
8.373
6.638
1.317
1.341
9.441
2.205
4.211
4.936
1.427
11.177
1.233
1.598
10.607
1.510
1.115
1.573
5.731
1.794
1.921
2.162
10.839
1.696
1.004
1.657
1.303
1.454
1.163
8.030
1.929
1.052
2.527
1.284
13.422
1.028
6.753
2.625
5.706
1.005
7.401
2.118
2.028
3.244
3.311
1.060
1.006
2.146
1.912
1.340
2.250
1.083
2.161
2.075
1.723
1.061
2.562
3.246
1.170
2.400
1.657
11.443
1.048
1.403
4.878
3.707
2.295
3.991
2.377
1.331
1.633
1.392
2.907
1.147
1.098
1.680
1.020
1.380
1.124
1.261
2.109
1.352
1.246
1.475
1.998
5.734
1.139
1.585
1.849
2.945
1.554
1.122
1.293
1.851
1.327
1.455
1.791
3.148
1.312
2.466
3.706
4.624
27.648
1.213
1.315
1.381
1.879
1.688
1.386
1.424
1.053
1.787
1.889
2.134
1.216
3.279
1.047
1.958
4.936
11.532
2.404
1.305
1.272
14.836
1.537
1.256
1.733
11.372
1.118
1.862
1.396
1.242
1.988
3.684
3.240
4.020
9.369
1.651
2.228
1.129
1.387
2.030
1.540
7.455
1.597
1.041
1.841
1.853
4.287
1.608
1.010
1.071
3.408
3.036
1.425
4.156
1.141
1.405
1.718
1.330
1.607
1.082
1.975
1.103
1.021
1.181
1.195
1.036
1.359
1.600
2.121
1.056
1.009
17.801
1.082
1.473
1.158
80.761
1.159
1.329
3.218
1.196
3.522
3.714
4.033
2.150
2.242
20.584
5.777
1.564
8.075
1.145
2.594
1.240
2.659
1.906
1.135
1.255
1.141
1.275
28.558
1.468
3.886
1.490
1.422
1.033
6.437
1.729
1.853
2.323
1.886
4.497
1.218
1.002
1.145
20.630
1.985
2.497
63.452
1.416
1.838
3.926
1.202
1.338
3.612
1.442
2.393
36.238
5.068
1.546
1.013
2.802
3.465
1.510
1.182
1.484
4.022
2.839
3.381
1.355
1.593
2.740
3.045
1.198
3.455
1.359
1.385
1.542
1.841
4.110
1.097
2.887
2.952
1.863
1.626
5.073
6.940
1.231
3.392
1.231
1.110
1.203
4.193
1.059
1.739
1.579
1.602
2.373
3.679
2.120
1.188
2.099
3.255
2.277
1.211
4.509
121.647
29.561
3.546
1.859
1.057
2.013
1.044
1.495
2.641
1.930
13.033
2.127
3.953
2.670
1.095
1.279
1.806
5.550
2.967
2.371
2.436
1.069
1.966
1.354
1.418
1.992
2.683
3.028
1.180
3.469
1.064
2.787
2.061
1.069
1.456
2.716
6.958
1.888
1.279
1.594
1.709
6.240
2.888
4.896
1.786
3.169
1.934
1.932
1.401
1.851
2.630
1.551
1.719
1.258
1.184
1.269
1.809
6.444
1.310
1.507
2.581
6.176
1.769
1.184
1.421
5.911
1.085
1.008
1.163
1.069
1.642
1.135
1.971
2.275
7.524
1.702
2.187
1.106
1.447
2.133
1.036
2.390
6.031
1.210
1.403
1.893
1.094
1.501
8.095
1.090
1.181
1.779
1.317
1.475
2.927
1.258
1.272
1.395
2.374
1.095
2.495
1.135
7.011
3.760
1.286
1.908
1.345
8.358
1.185
1.033
1.401
1.698
3.543
5.925
1.623
1.013
1.149
1.959
40.810
1.218
5.155
2.804
1.110
1.272
44.338
1.300
21.139
1.534
1.160
1.788
1.005
1.018
1.230
1.300
1.400
4.942
1.348
1.336
4.331
1.137
1.825
1.293
2.068
3.324
2.111
1.444
3.069
5.617
5.889
2.159
1.831
1.083
1.526
1.631
5.364
2.147
1.346
1.140
1.021
1.163
1.469
1.621
1.955
3.155
14.828
2.447
11.021
4.202
2.621
1.083
2.812
1.650
1.813
1.053
1.311
6.127
23.731
1.835
2.667
1.089
1.507
2.964
1.629
10.832
1.852
3.095
1.434
5.474
3.600
1.387
1.382
1.246
1.621
2.343
1.389
1.255
1.222
1.257
1.969
1.606
2.110
9.258
1.646
1.093
4.078
4.867
4.963
1.268
5.122
5.436
1.038
6.795
1.286
1.074
1.000
2.720
1.494
2.495
1.649
1.449
1.324
1.730
2.392
1.743
1.455
15.201
1.478
12.242
1.505
3.891
1.521
1.300
1.008
4.739
1.249
1.392
1.859
2.846
4.138
8.947
1.536
2.673
1.666
2.694
1.427
1.295
11.576
4.170
1.828
2.455
1.002
1.042
12.490
3.161
6.515
1.782
5.960
1.543
2.067
1.650
2.470
2.541
1.627
1.072
1.084
2.347
9.682
1.250
2.695
2.738
1.138
1.654
1.224
2.251
1.702
5.599
6.522
1.144
1.680
1.380
2.744
1.282
1.509
1.525
1.531
1.740
1.083
1.537
3.081
1.144
1.458
1.357
2.977
1.167
1.135
1.220
1.135
1.489
1.221
26.255
2.913
38.920
2.200
1.281
4.555
3.252
6.094
5.159
1.381
2.963
12.473
1.990
1.029
1.845
6.414
3.526
1.664
1.028
2.567
2.808
5.881
1.432
1.101
4.322
1.328
1.113
1.001
1.018
1.122
12.678
1.438
1.196
1.035
1.210
1.388
1.070
5.032
5.170
1.342
1.540
2.342
1.551
1.204
1.244
1.805
1.008
1.668
1.199
3.956
4.945
32.534
1.618
1.237
1.181
2.691
1.266
1.962
3.566
2.568
1.584
4.099
1.660
2.046
1.223
1.596
1.151
71.333
3.635
2.406
4.282
1.244
4.789
1.095
1.426
1.170
3.353
1.798
1.066
21.430
2.374
1.444
1.810
1.216
1.473
3.006
2.672
2.843
1.576
1.018
2.933
3.034
1.828
2.247
4.631
1.255
1.079
1.357
1.204
1.455
2.588
1.788
1.824
1.988
7.402
1.065
1.513
3.402
1.027
1.634
1.012
2.383
2.209
1.019
1.235
3.673
1.752
1.571
1.582
1.485
1.144
1.597
4.661
1.811
2.815
1.831
1.241
1.238
3.917
1.378
1.031
1.070
2.205
2.571
4.912
1.233
1.337
1.089
1.937
1.926
10.220
1.412
1.402
1.361
1.909
7.972
4.408
1.002
2.978
2.344
7.175
1.205
4.561
20.437
3.936
1.126
1.426
1.363
3.288
2.587
1.961
1.399
2.403
5.394
1.709
1.868
1.068
3.187
1.912
1.523
9.200
