1.030
3.081
23.335
2.460
2.882
1.210
10.932
1.181
3.302
2.185
1.237
1.087
1.159
1.095
12.731
2.409
2.448
1.080
4.214
12.142
3.849
238.142
1.132
3.314
1.108
2.744
1.021
1.577
1.164
1.043
1.067
1.358
15.146
1.320
1.555
1.060
1.758
8.898
2.071
1.532
2.327
1.281
1.496
1.811
1.079
25.952
1.048
1.481
3.397
6.945
8.450
3.978
1.598
1.737
1.069
23.696
2.085
1.453
1.077
1.846
3.424
1.575
1.796
1.414
2.298
1.582
1.376
1.017
1.278
9.591
34.137
2.073
51.927
1.929
2.708
69.805
1.606
1.285
1.325
1.532
1.129
1.274
1.401
1.428
1.150
1.626
8.926
20.881
1.610
4.996
1.704
1.476
4.909
3.047
1.322
1.954
1.557
4.391
1.924
4.739
1.181
6.312
1.051
2.155
1.604
2.093
1.172
1.426
2.763
8.611
2.274
3.813
2.029
1.363
1.036
1.011
1.719
2.793
2.488
1.194
1.053
1.286
7.194
12.172
2.873
1.053
4.839
14.342
1.459
1.563
7.350
2.754
7.663
3.203
1.407
1.434
12.081
3.143
1.226
2.390
6.777
1.901
2.675
1.428
1.416
1.797
1.474
2.806
1.283
1.401
1.249
1.107
2.573
1.145
3.514
1.916
1.202
1.200
4.861
1.025
1.520
1.310
1.040
3.318
1.702
1.854
1.950
2.044
1.980
5.931
1.507
2.229
17.519
1.986
1.029
7.637
4.797
1.156
24.238
4.766
14.440
1.732
1.084
3.425
19.188
1.311
2.009
1.293
2.702
1.250
2.364
7.652
9.150
3.086
135.428
1.288
5.122
1.060
1.966
1.104
3.927
1.665
2.379
1.045
1.149
2.000
1.131
1.931
1.281
4.028
1.826
2.204
1.946
2.875
2.660
2.601
1.362
1.905
1.747
1.076
4.022
2.199
1.328
2.835
1.122
1.896
1.328
1.093
2.108
1.215
2.949
7.784
5.058
1.712
3.562
6.638
2.292
1.078
1.372
1.412
1.307
1.664
12.934
4.491
1.461
3.101
2.751
12.898
1.084
2.181
1.774
1.839
1.323
1.082
3.758
1.405
1.017
2.161
6.591
1.196
4.581
1.104
1.028
1.048
1.036
1.281
1.922
2.368
3.136
1.961
1.746
3.534
1.712
1.203
7.796
1.235
1.259
19.741
7.762
3.037
14.385
1.063
2.820
2.867
2.078
3.629
1.154
1.195
8.106
2.251
14.762
2.905
2.111
3.927
2.671
11.454
3.212
2.993
1.149
5.498
1.801
1.794
2.410
1.412
1.440
2.103
2.176
5.702
1.234
2.545
3.395
2.527
2.784
1.039
3.492
2.793
3.483
79.653
1.092
8.446
1.074
1.577
2.112
123.890
1.292
1.555
2.039
1.230
1.098
1.248
8.164
1.733
6.531
1.236
1.288
1.907
1.271
21.496
1.031
7.985
1.179
4.723
1.038
1.845
1.664
1.806
6.872
3.373
1.402
1.057
4.700
1.696
2.983
1.285
4.296
1.271
1.074
2.315
2.112
2.485
1.204
1.207
1.028
33.689
1.638
1.102
8.488
1.515
12.223
1.299
13.089
1.613
1.109
1.109
2.719
2.095
1.402
9.284
2.697
1.289
2.040
1.289
3.059
19.936
1.412
2.219
1.020
4.215
1.199
3.316
2.548
6.096
1.081
3.073
22.970
1.696
2.764
7.652
6.806
2.208
3.084
1.426
1.740
1.252
1.305
1.863
1.631
4.811
3.169
4.073
4.481
1.339
28.215
2.893
1.607
1.004
1.431
1.257
2.261
9.695
17.837
4.304
5.567
15.328
2.483
3.891
2.236
5.298
1.667
31.257
3.453
1.319
2.913
1.389
2.095
5.996
6.380
3.627
1.462
2.168
1.560
1.331
9.264
1.249
2.988
1.147
2.811
5.313
1.216
2.654
4.300
2.916
4.590
1.377
50.217
1.590
1.542
2.760
1.107
1.128
1.443
3.208
1.616
1.295
1.900
1.786
1.136
1.515
1.437
13.875
1.100
10.570
1.043
3.360
2.121
11.982
1.067
2.457
9.643
1.070
3.143
1.069
10.157
7.277
1.861
1.111
9.256
1.338
1.587
3.768
17.659
1.195
2.568
1.882
1.182
14.808
4.354
1.641
21.845
1.116
1.639
1.049
2.603
1.833
2.089
2.240
2.029
3.912
1.476
2.424
3.008
9.328
3.315
1.652
1.058
2.589
1.641
1.139
2.161
1.639
1.068
2.843
1.315
2.408
1.278
8.422
2.554
3.615
8.746
2.039
1.764
10.260
1.525
1.042
1.651
1.254
8.472
3.124
2.341
1.578
1.250
2.628
21.975
1.911
1.007
5.667
1.001
4.028
1.332
2.880
1.481
1.214
2.173
1.707
1.034
12.540
2.813
5.554
2.407
3.757
2.399
1.197
1.380
10.286
1.068
4.254
1.277
1.895
1.318
3.183
1.089
1.749
2.650
2.557
3.252
1.020
1.343
2.002
1.689
10.316
1.200
2.284
1.437
45.676
2.588
4.686
12.808
1.183
1.944
1.450
1.532
1.086
176.552
1.354
2.549
5.345
1.017
1.422
1.680
2.698
1.293
1.667
2.913
1.466
8.286
2.528
1.041
26.902
1.689
1.950
5.315
6.938
3.321
1.176
1.187
1.857
1.869
3.129
9.180
1.034
14.653
1.476
1.528
1.095
2.988
1.863
5.928
2.616
1.468
2.535
4.951
2.343
8.231
5.866
5.204
3.139
1.194
1.517
1.304
1.119
1.852
1.136
1.280
1.419
1.391
2.550
1.466
6.834
3.974
25.647
3.452
1.239
1.753
3.125
45.338
3.642
7.783
1.493
1.645
1.568
7.514
1.797
3.578
3.186
1.054
1.324
2.168
2.992
1.815
2.275
1.630
1.617
1.100
2.000
3.157
1.074
7.393
1.286
1.339
1.098
3.851
1.010
9.478
1.845
2.670
21.486
1.492
4.200
1.042
11.628
1.461
2.254
14.707
1.060
1.549
1264.609
1.017
2.502
2.505
16.869
1.278
6.018
1.266
18.682
6.377
2.048
1.170
1.437
1.966
2.018
2.308
2.441
7.157
1.494
2.591
2.081
1.002
3.432
1.436
10.502
15.486
4.626
1.292
1.982
1.750
3.466
2.115
1.353
14.592
4.792
1.796
1.030
7.554
1.437
9.151
3.851
8.127
92.207
1.075
1.424
6.773
32.633
4.489
1.771
1.556
18.663
2.666
2.811
1.969
1.475
1.732
20.652
2.025
1.838
2.030
2.437
1.170
1.028
2.128
7.313
2.636
3.397
32.500
1.151
1.091
2.215
3.592
2.738
1.483
1.384
2.369
1.288
154.321
4.874
5.137
2.379
3.505
1.833
2.316
5.380
1.252
5.256
1.109
3.782
1.045
1.312
3.348
2.167
1.630
1.997
13.964
1.026
38.890
3.326
4.700
1.498
1.793
18.617
1.410
2.344
1.059
1.469
11.614
3.886
2.415
1.194
1.468
3.006
7.203
1.213
2.623
5.069
1.026
1.413
4.408
1.561
1.460
2.380
20.806
1.018
1.653
2.021
5.787
19.166
2.259
1.000
3.230
1.925
2.096
2.091
1.441
3.742
3.339
1.764
1.133
1.109
1.115
12.109
3.330
1.676
14.908
2.883
146.255
3.888
1.664
1.009
1.903
1.706
5.855
1.424
1.383
3.652
1.206
1.930
1315.514
2.032
1.510
1.853
4.144
2.133
2.769
1.799
1.145
1.281
14.300
3.282
1.482
4.751
1.475
3.470
10.868
1.474
1.183
1.648
1.032
3.897
9.835
1.802
1.344
1.451
1.007
1.605
3.078
1.675
1.238
1.183
1.842
1.815
1.339
1.974
1.574
1.047
3.170
1.483
1.844
3.109
1.203
1.061
1.364
1.727
2.276
1.015
1.012
1.444
2.483
1.268
6.064
1.107
2.269
10.508
2.482
1.140
1.610
1.761
1.785
6.524
2.116
3.030
1.647
13.828
2.605
3.217
5.984
1.162
7.300
1.317
2.487
1.316
2.653
1.270
4.226
1.085
4.656
47.389
2.291
3.061
3.106
3.645
8.433
3.084
2.587
2.127
15.917
1.405
1.321
1.239
1.276
2.140
1.343
1.750
44.220
1.262
1.123
1.257
2.266
2.300
1.381
1.593
2.353
7.109
1.501
1.037
5.393
1.101
1.818
1.919
2.695
3.024
1.667
10.374
1.267
45.519
1.675
7.161
3.757
2.255
1.402
1.013
1.017
1.715
1.882
17.231
1.037
1.505
68.167
4.942
1.031
2.667
2.120
7.910
5.940
1.618
8.418
1.388
3.265
17.409
2.674
1.890
1.332
1.105
