1.342
1.416
1.950
2.812
2.108
29.258
1.031
1.701
4.196
1.309
1.627
2.386
2.148
50.672
1.019
9.033
3.166
1.809
1.382
1.662
1.752
2.823
1.931
1.497
12.099
4.059
3.486
2.336
1.714
1.332
1.251
2.381
12.727
2.337
1.395
5.559
1.069
1.892
4.953
4.972
1.628
26.760
1.076
2.697
4.272
1.020
1.249
8.813
20.850
2.092
1.006
1.538
3.605
1.825
28.290
4.149
1.299
1.150
1.083
1.130
2.004
1.085
1.076
10.609
2.779
1.467
1.002
6.814
1.750
1.308
3.520
2.323
1.013
4.796
1.309
1.618
1.187
1.234
4.787
1.127
1.948
1.076
7.655
3.168
1.071
3.680
1.127
1.065
12.248
1.243
7.013
1.060
4.261
1.055
1.166
2.343
2.906
5.998
2.412
5.296
1.586
3.665
3.247
2.198
6.528
2.561
18.580
1.664
3.263
3.045
2.298
1.148
1.397
3.089
2.675
1.177
6.150
1.376
4.784
1.211
1.243
1.842
2.863
1.509
2.753
17.427
1.008
1.767
2.119
1.812
1.678
2.764
9.816
1.632
2.055
3.008
1.285
1.100
2.791
1.706
4.295
2.073
1.707
1.791
1.741
15.137
1.184
2.224
1.246
1.500
1.370
1.735
2.045
3.135
3.812
2.270
4.017
1.269
1.029
3.244
1.299
1.214
4.520
1.231
1.210
4.624
2.277
5.392
18.354
3.001
1.238
1.535
1.070
7.960
1.484
2.114
2.551
1.377
1.558
1.095
8.443
1.065
79.760
1.748
3.788
1.698
1.058
2.544
3.701
2.479
2.411
1.419
1.591
52.292
1.230
1.343
3.754
1.980
3.486
1.125
1.528
2.160
1.884
15.301
1.018
1.467
1.003
3.228
1.143
2.790
6.350
3.263
3.739
1.598
1.113
1.183
1.080
1.404
2.886
2.693
1.830
1.711
6.469
1.141
2.311
1.725
1.509
1.839
1.049
1.007
1.016
1.269
1.057
1.125
1.473
1.805
1.685
3.438
1.124
1.957
1.641
1.701
1.281
1.163
2.481
4.165
1.107
15.383
1.089
1.483
3.118
1.547
3.915
1.498
3.403
1.532
2.059
2.234
1.346
3.623
2.652
1.489
2.026
4.538
9.561
1.186
1.376
1.993
4.287
1.107
1.311
1.199
1.186
19.113
1.284
1.547
1.883
2.291
1.074
1.115
1.712
5.519
1.182
1.290
1.814
1.193
1.388
4.964
5.212
1.272
36.490
5.767
1.183
11.340
1.265
1.186
1.034
2.493
1.208
3.052
4.226
2.322
2.674
1.549
1.344
2.663
4.606
1.170
2.763
2.192
2.132
2.042
3.064
1.520
1.234
1.093
7.733
1.243
1.176
6.225
1.125
53.730
1.607
96.440
1.380
2.103
2.608
1.564
3.230
1.246
2.117
4.786
1.566
16.505
1.948
4.382
2.567
1.065
1.095
1.618
7.568
5.202
5.569
2.326
1.064
4.104
1.777
1.038
1.391
3.697
1.116
1.102
5.428
1.184
3.708
1.254
24.834
39.163
1.094
2.602
1.056
1.015
3.775
1.432
1.417
6.089
1.284
4.983
1.457
1.030
2.394
3.272
1.952
1.679
7.261
13.316
2.121
1.186
1.129
5.612
2.809
3.279
10.299
3.174
1.421
1.071
1.442
1.093
6.482
2.538
2.958
1.420
1.306
3.270
1.391
1.155
1.798
1.285
1.006
1.104
1.396
2.038
1.406
1.144
1.642
1.298
1.309
1.263
1.176
1.067
5.014
1.982
2.383
6.649
1.177
1.063
1.352
1.665
1.172
1.195
2.605
2.322
1.461
1.624
1.118
1.229
1.727
3.655
1.635
3.462
3.004
1.513
1.573
2.002
13.885
1.490
9.552
15.015
1.009
1.670
2.047
4.682
1.049
2.085
1.449
1.044
1.915
1.032
1.412
12.217
1.434
7.366
1.255
13.630
2.591
12.569
2.000
1.242
1.345
4.140
6.842
1.089
1.035
3.598
3.208
2.787
1.084
1.594
1.127
2.530
1.833
1.303
1.189
2.466
1.959
1.136
2.819
1.305
35.183
1.072
1.165
4.948
2.138
1.352
6.761
1.024
1.454
6.430
1.536
5.174
1.427
14.428
1.629
1.075
1.610
1.215
1.940
1.667
5.508
1.019
2.470
1.767
24.888
9.306
1.405
4.705
2.980
1.037
2.438
1.067
1.884
5.923
1.702
4.061
3.517
2.181
1.072
2.912
2.821
1.181
1.955
7.309
6.151
28.484
11.506
1.074
1.320
1.570
1.018
5.102
1.542
1.094
1.040
1.081
2.038
1.626
1.978
4.422
2.247
1.303
1.086
2.725
24.697
3.348
4.387
5.113
4.335
14.737
2.810
1.019
3.023
2.726
16.929
2.400
2.206
1.310
1.822
2.315
3.120
2.764
2.557
1.515
6.380
7.649
1.703
1.439
1.136
5.062
1.560
4.027
1.352
1.312
3.354
1.771
1.101
1.535
7.762
1.311
1.170
4.448
3.632
6.408
1.672
1.263
3.529
1.012
15.555
1.478
3.802
7.196
1.016
2.278
5.061
2.092
4.111
1.012
1.178
2.420
2.040
2.580
2.512
1.839
1.719
2.204
1.251
7.871
1.511
2.283
3.990
13.325
4.629
1.246
1.637
4.779
3.080
1.082
4.308
2.555
10.801
1.545
2.030
1.031
11.723
1.123
2.051
5.329
12.379
1.286
1.626
3.456
1.304
2.238
1.220
1.691
15.932
5.179
1.381
1.762
7.497
6.296
3.432
3.425
1.150
1.615
2.172
34.496
1.150
3.369
2.328
1.093
1.035
1.366
3.031
2.926
1.435
1.178
8.948
1.149
1.198
1.042
1.158
1.383
1.740
1.752
2.000
1.730
2.235
2.862
51.031
1.351
1.317
1.651
1.048
1.351
1.622
2.377
2.706
1.129
2.737
1.384
1.293
1.017
1.188
1.250
1.003
1.835
4.163
1.259
1.655
1.009
1.466
1.859
2.085
5.726
1.079
2.006
1.089
1.555
7.568
13.154
4.034
1.745
1.485
1.828
2.845
1.475
9.013
2.079
3.120
1.030
1.139
1.769
1.001
1.050
1.138
2.783
2.124
1.309
2.375
1.912
67.085
1.094
3.354
2.467
1.386
1.540
1.095
5.257
1.884
1.300
1.040
1.754
3.807
1.092
1.833
2.112
1.185
1.494
1.294
1.739
2.710
17.046
1.289
3.596
1.019
276.881
427.082
3.658
1.447
1.022
1.114
1.115
1.131
2.520
1.239
1.386
2.150
5.075
2.655
1.223
4.815
2.173
1.252
1.050
1.507
1.336
1.235
2.290
43.853
17.138
3.663
4.057
1.568
8.414
6.364
2.611
1.320
3.595
9.006
1.821
13.185
1.325
2.140
2.774
1.330
1.538
1.850
1.032
1.126
104.473
3.573
1.357
5.563
5.775
1.642
2.778
1.967
1.863
2.092
3.615
1.073
3.360
2.368
1.012
1.548
1.132
75.358
1.311
7.143
1.135
2.954
11.817
1.373
3.418
1.176
1.069
1.553
1.201
1.088
6.939
2.174
1.760
7.668
1.006
28.932
1.676
1.003
1.429
1.588
5.735
1.820
3.745
1.110
1.004
1.256
3.582
1.348
1.683
2.185
11.547
3.993
1.401
1.532
1.310
1.179
2.889
1.884
4.320
1.350
1.010
1.498
1.110
1.198
1.030
1.043
1.526
1.551
1.856
1.513
1.406
141.921
1.460
3.974
1.323
1.536
1.658
1.523
1.399
1.058
4.651
7.807
3.492
2.646
7.029
10.965
1.321
2.359
1.355
3.306
2.888
20.671
2.628
4.948
3.190
1.705
3.087
2.339
1.664
1.042
1.902
5.553
21.452
1.002
3.000
5.455
4.985
14.230
1.598
1.091
1.109
20.044
8.343
1.179
3.951
1.007
3.447
1.750
2.090
1.434
3.236
26.430
2.311
1.168
2.038
1.967
5.085
2.120
4.219
19.367
14.668
2.491
2.044
8.129
1.378
1.076
5.097
1.257
2.220
1.100
1.241
1.141
1.031
1.017
1.121
1.424
2.343
114.245
2.100
1.155
6.857
1.022
4.988
2.074
1.790
1.837
2.258
1.015
1.729
2.925
3.842
1.388
1.354
3.936
1.428
1.085
1.461
1.065
1.315
1.519
1.574
1.274
3.618
1.290
1.118
2.464
2.532
3.039
3.382
2.065
2.349
2.345
10.942
3.192
5.232
1.129
2.986
2.700
6.875
2.786
1.401
191.100
1.004
7.358
1.284
1.338
1.377
1.543
1.106
2.897
1.910
5.109
1.730
1.255
1.596
3.548
2.017
1.246
2.319
3.380
1.695
