1.141
1.447
1.282
2.480
1.007
1.637
1.577
1.858
1.664
10.967
8.306
1.360
1.627
1.630
2.782
1.510
1.685
1.346
45.138
1.245
6.281
26.971
4.033
5.390
1.714
1.671
7.712
5.185
1.548
1.012
2.676
32.828
1.051
2.495
2.511
1.213
10.763
1.377
2.471
1.546
5.298
1.368
2.586
1.516
1.260
2.216
1.102
1.175
1.485
1.020
24.985
9.606
7.168
1.067
27.540
1.140
2.352
1.334
1.040
1.387
9.757
5.744
2.469
1.577
2.637
3.159
1.424
1.216
2.213
2.009
2.495
1.250
1.339
2.276
1.078
2.534
1.387
1.793
10.520
5.835
1.132
2.227
2.522
1.376
4.347
2.396
1.057
1.790
1.854
1.039
1.492
158.901
1.198
1.091
5.773
1.110
3.058
1.039
1.582
2.957
1.136
1.134
14.735
1.193
1.009
1.311
1.782
1.386
1.291
1.041
1.487
1.186
5.406
1.284
2.332
5.906
1.681
1.019
1.482
1.035
2.739
1.443
1.780
1.010
1.042
1.229
1.212
3.573
7.894
1.511
2.536
1.585
1.130
1.709
354.991
2.259
1.420
1.050
1.120
1.671
3.110
7.905
1.507
6.021
2.224
1.072
1.635
2.477
1.645
47.735
22.921
2.166
1.191
1.236
4.195
3.284
1.108
121.576
1.513
2.827
13.633
168.053
2.052
1.866
2.416
1.041
1.712
1.817
6.764
5.025
2.985
1.520
1.526
1.378
2.168
1.025
2.622
2.488
4.348
2.929
4.134
1.211
2.197
2.461
47.239
2.520
17.583
1.281
2.195
1.522
1.767
66.325
2.388
1.159
3.078
2.183
1.795
5.887
2.430
1.582
1.817
1.445
1.798
4.691
3.268
1.905
1.133
2.639
1.008
1.220
1.163
1.486
1.073
1.293
1.862
2.990
1.189
1.250
1.546
5.071
1.213
7.250
10.465
1.032
4.115
3.932
1.517
2.825
1.328
1.569
2.611
3.805
1.136
2.741
12.868
79.979
1.494
4.313
1.207
1.503
2.401
2.422
4.511
2.858
1.339
1.199
19.953
45.959
3.079
1.881
4.516
1.206
3.206
1.051
2.270
1.720
2.949
1.115
11.654
4.545
1.129
4.825
18.464
15.315
4.699
1.222
1.826
1.331
4.605
1.283
2.122
1.060
5.038
9.140
2.091
1.050
1.312
1.403
1.807
3.066
1.217
1.832
7.932
1.221
1.124
7.810
23.968
142.877
2.851
24.329
25.794
52.942
1.211
5.686
2.113
15.482
14.619
1.282
90.718
1.529
2.748
1.161
1.348
3.444
1.279
4.966
20.664
6.478
1.065
17.391
22.111
1.852
1.130
1.915
1.629
1.979
7.076
1.332
1.414
1.224
1.123
1.399
3.088
5.997
9.999
1.352
3.592
1.670
2.044
3.533
1.809
1.973
2.516
2.508
1.635
1.185
3.603
1.635
49.504
1.130
1.706
3.055
3.447
3.282
63.963
1.609
1.485
3.915
9.872
1.473
1.534
132.930
1.043
3.737
1.994
1.164
1.127
3.928
1.040
3.219
1.438
15.081
5.319
2.906
14.812
3.843
3.371
1.774
10.197
1.891
2.361
15.090
18.863
1.261
1.939
1.059
5.717
1.384
1.297
12.452
1.046
2.033
16.232
2.126
1.860
1.507
1.067
1.216
1.057
1.186
1.064
1.056
5.518
1.706
1.157
1.592
1.380
1.057
9.689
9.708
1.028
1.023
2.902
1.171
9.474
1.666
4.594
2.682
2.036
15.923
1.054
6.706
2.143
3.931
2.603
1.130
24.744
1.175
3.169
2.528
1.501
1.277
1.240
1.144
3.480
1.051
1.457
2.291
6.002
1.246
1.535
2.694
1.860
4.702
6.173
1.188
1.300
2.069
1.710
1.207
1.234
1.981
1.118
1.768
1.640
1.588
1.017
1.894
3.201
1.601
1.252
1.120
5.038
2.039
1.932
1.637
100.392
3.207
13.139
1.941
16.637
1.559
1.260
10.904
35.645
1.024
9.068
1.424
4.067
1.884
1.123
4.131
3.367
5.536
1.180
1.664
2.326
1.073
1.931
1.068
2.874
1.405
1.475
2.601
1.285
4.052
1.158
1.381
4.088
4.030
2.418
1.892
11.672
2.240
2.141
7.163
1.619
1.368
1.437
1.426
2.172
1.627
1.256
1.458
1.165
1.581
7.183
3.541
1.948
16.769
3.752
1.323
56.241
1.803
2.622
1.157
1.969
1.100
5.399
1.237
2.635
3.877
1.744
1.522
1.731
1.010
2.263
1.791
17.733
6.290
24.253
1.524
1.040
6.773
2.741
2.285
1.027
1.396
3.192
1.416
3.955
246.352
1.604
4.421
1.609
8.389
1.154
4.322
1.032
1.121
1.607
1.365
1.589
1.636
2.166
1.274
7.307
1.393
1.262
1.055
1.276
3.066
6.337
186.171
1.093
2.046
2.202
3.423
2.577
1.801
1.442
3.548
10.425
1.028
12.753
4.252
13.587
13.124
3.728
1.753
1.415
2.219
3.231
2.929
1.456
1.381
1.047
1.836
3.348
1.004
1.875
16.038
3.019
5.486
2.170
1.670
1.658
1.031
1.106
1.359
1.781
2.881
1.255
7.059
1.195
366.243
2.351
2.327
1.008
1.385
2.744
3.497
9.944
1.298
2.129
1.057
2.897
2.258
7.059
2.621
5.930
1.068
3.503
5.082
1.558
5.192
1.335
1.701
2.743
11.780
3.591
1.583
6.253
1.025
4.357
1.037
1.738
2.239
4.469
1.658
1.143
3.159
3.646
1.058
21.676
4.207
1.162
1.819
1.762
2.037
115.176
1.420
1.554
6.527
8.370
8.088
3.636
1.471
2.420
2.801
1.622
5.162
2.013
2.860
1.782
1.223
9.129
2.356
1.187
4.769
1.377
2.093
3.156
1.148
1.330
2.454
2.096
2.418
4.452
1.341
3.368
2.571
1.409
1.465
1.460
4.036
30.804
1.565
1.133
1.656
1.715
5.785
8.456
1.158
1.939
4.863
4.434
6.258
4.094
29.935
1.936
1.555
1.082
12.835
5.471
1.270
1.249
1.029
1.104
1.094
1.193
2.302
6.905
38.614
1.204
2.040
2.513
6.834
1.488
2.715
1.137
1.319
1.645
2.285
1.115
1.515
1.348
1.095
8.517
2.298
2.699
1.158
1.426
1.074
1.184
1.611
1.264
1.207
4.043
11.070
2.414
1.502
2.397
1.120
6.004
1.503
4.796
1.036
1.760
1.481
2.256
1.697
32.836
4.484
4.526
1.139
2.322
1.115
2.225
1.829
3.011
1.441
2.688
1.324
2.164
1.206
1.639
2.527
1.148
107.390
4.480
1.285
6.565
2.729
3.656
1.127
6.357
2.223
1.180
1.482
7.468
1.980
1.513
2.214
1.150
1.096
2.876
2.448
3.861
1.232
3.551
1.397
3.321
4.346
1.315
23.137
3.828
1.460
1.522
1.888
1.951
3.751
2.702
1.802
211.229
1.111
1.553
1.448
2.742
4.166
1.354
1.141
1.166
22.946
1.126
3.740
1.071
3.020
1.565
1.767
16.758
10.993
3.774
1.459
1.256
2.713
4.094
1.085
62.976
2.399
9.863
4.933
1.032
2.772
4.605
7.142
4.878
37.070
1.595
3.850
1.774
1.672
17.815
2.036
3.120
2.917
1.784
2.808
3.120
8.446
1.584
8.285
7.388
3.879
1.381
2.544
2.786
18.073
1.347
1.011
2.289
1.299
17.223
1.326
1.708
1.009
15.104
1.025
2.274
3.599
270.155
4.933
1.506
2.606
1.082
2.934
1.033
1.432
1.416
2.467
2.158
1.286
2.290
1.422
5.042
1.058
4.869
35.867
1.440
1.433
1.333
1.932
2.017
1.088
1.328
6.746
1.240
16.181
1.447
1.204
1.181
1.762
3.225
4.183
1.288
6.978
2.182
2.600
1.170
5.709
1.206
1.000
3.058
3.323
1.863
4.981
1.220
3.757
2.281
1.469
4.206
1.289
1.997
2.118
1.672
2.570
2.628
9.080
3.649
2.412
3.481
5.217
5.396
2.697
1.268
1.597
1.321
2.714
1.229
1.085
1.562
1.655
1.272
1.157
1.135
2.872
2.601
1.356
6.621
1.869
7.536
1.081
11.892
1.054
2.971
1.354
1.662
1.587
1.146
99.228
1.846
2.407
1.316
12.200
1.755
1.204
1.577
1.344
1.855
7.349
2.646
2.712
5.762
1.946
1.916
4.891
16.614
7.591
1.163
1.468
8.569
1.016
1.285
4.309
37.245
1.378
1.111
2.149
11.324
1.516
2.333
1.567
27.081
5.556
1.738
2.030
1.190
5.103
1.698
2.242
