1.561
1.966
1.133
1.498
1.817
1.216
1.401
1.846
1.112
1.045
1.246
2.991
3.740
59.082
7.955
2.624
2.071
1.466
1.116
80.776
2.156
10.897
2.352
1.379
1.220
1.008
1.837
1.188
6.013
1.129
9.444
1.136
1.696
2.250
1.496
2.290
26.886
11.901
8.531
1.300
5.009
1.717
1.507
1.843
1.461
5.305
1.507
1.312
1.663
5.928
1.126
3.115
1.540
6.924
3.851
3.642
1.796
1.064
28.040
1.482
1.318
10.581
3.909
1.198
37.077
1.958
2.262
17.146
2.393
2.387
4.949
3.747
1.103
1.039
7.292
1.044
1.101
3.079
6.108
1.715
8.508
1.336
1.025
3.157
1.026
16.291
22.994
8.685
1.498
6.470
149.039
1.521
2.542
9.934
1.455
7.599
1.110
5.395
2.174
9.520
3.378
9.110
4.153
7.535
6.875
32.600
1.749
1.489
3.158
1.654
2.358
1.120
1.332
9.348
1.304
1.043
1.616
1.813
14.308
6.756
1.189
1.620
1.538
71.707
1.273
2.162
1.001
1.608
1.447
2.091
1.629
1.916
1.647
3.125
1.028
1.037
2.062
1.179
47.004
2.351
1.206
7.814
2.032
1.135
1.134
1.094
2.877
1.236
1.060
1.579
2.559
2.810
1.169
1.050
3.719
1.181
1.668
211.319
28.446
1.187
2.778
1.952
33.906
1.587
1.707
1.639
2.728
8.902
1.023
1.149
1.897
1.368
4.507
1.735
16.198
2.552
3.069
30.570
2.099
1.037
11.142
11.886
2.166
43.476
7.345
3.133
1.291
1.387
2.014
1.464
3.046
11.991
3.129
2.886
2.236
2.376
2.164
2.928
1.533
1.140
6.033
1.923
1.086
1.527
1.645
8.910
1.435
2.429
9.272
1.278
1.344
1.103
44.248
1.475
1.738
1.459
1.608
4.992
1.038
2.219
1.286
3.410
1.736
3.389
74.575
7.903
1.228
2.895
1.096
1.970
40.094
6.881
2.067
19.395
3.633
1.011
1.148
1.554
1.234
1.261
1.521
161.508
2.535
1.668
1.366
1.164
1.234
2.602
1.636
2.287
1.308
1.749
13.660
1.030
3.381
8.981
13.217
3.278
4.107
11.656
3.469
1.631
9.872
7.002
2.013
3.178
2.132
1.376
1.815
424.917
1.251
15.744
1.404
2.698
1.397
3.558
1.458
15.039
8.094
16.749
3.552
1.157
3.000
1.472
4.438
1.060
10.976
1.475
1.181
9.261
1.059
27.932
1.793
4.231
1.615
1.502
2.496
1.571
1.103
1.541
4.448
2.185
3.640
7.376
1.181
5.050
1.309
2.063
1.742
7.948
13.035
1.400
5.121
2.734
3.066
1.777
3.723
1.803
4.071
20.274
1.951
1.622
14.374
2.403
6.660
4.644
2.047
1.387
1.162
38.872
21.270
1.082
17.893
1.424
1.007
40.074
1.220
1.123
4.986
5.267
77.095
2.172
2.192
1.102
1.390
21.435
4.310
2.259
1.317
70.884
26.522
1.411
1.381
33.226
1.332
2.164
1.736
2.223
2.156
5.462
1.339
1.255
1.012
2.843
2.926
1.658
3.888
3.068
1.493
3.077
5.628
1.296
1.227
13.169
1.411
3.232
1.015
1.465
2.880
1.950
7.503
1.901
1.891
7.952
2.152
2.243
9.808
1.376
2.460
3.029
1.843
1.080
1.170
1.673
1.223
41.185
4.443
2.173
1.284
1.359
1.260
1.872
1.316
3.156
1.035
1.030
1.853
1.164
6.365
2.222
21.848
3.596
1.419
2.169
1.623
1.449
2.519
1.334
2.231
1.206
1.081
1.259
1.065
2.551
1.020
1.206
2.249
1.595
2.198
2.402
2.125
1.502
1.401
1.075
19.645
1.706
1.637
3.920
1.033
23.226
17.589
10.340
3.641
12.195
10.095
2.292
1.318
2.808
10.064
15.646
1.845
2.365
1.820
1.036
13.383
1.371
1.217
3.427
1.161
2.303
2.734
1.211
1.221
2.672
8.265
1.651
3.270
3.710
9.847
1.147
12.124
1.564
2.724
1.574
96.396
2.350
5.750
19.928
1.351
4.867
2.218
12.412
23.470
9.143
6.577
1.489
7.011
4.619
1.916
11.972
1.124
1.092
7.614
2.485
11.760
1.030
1.517
2.301
3.812
25.649
1.472
1.334
1.232
2.453
2.177
1.274
80.047
8.062
1.033
1.062
3.348
14.292
3.599
4.520
3.487
1.109
8.552
2.206
3.925
2.276
2.010
7.809
3.837
2.850
8.057
1.180
1.206
2.313
27.067
1.494
7.433
1.683
1.364
2.993
4.172
5.599
99.461
2.803
3.101
1.753
1.153
1.152
1.247
1.855
1.898
3.813
1.448
2.061
1.169
1.105
3.935
1.651
1.286
2.024
20.793
2.498
1.391
1.184
4.753
1.742
1.379
1.637
1.220
2.256
1.592
2.425
33.927
2.157
18.028
3.371
4.421
1.673
1.518
5.123
1.181
5.004
2.647
1.126
1.548
2.750
6.554
1.032
1.428
1.236
1.060
1.247
11.790
1.604
1.208
1.655
1.354
1.783
2.757
1.547
1.271
1.718
2.413
2.349
4.287
1.092
1.043
2.649
4.686
1.464
2.171
2.292
6.049
3.546
5.380
8.285
1.182
1.201
5.929
1.387
2.210
1.733
1.065
1.028
4.189
4.081
1.476
2.592
1.874
2.008
3.746
1.030
1.291
1.660
4.411
3.368
1.043
3.251
8.560
4.427
4.219
1.477
8.531
1.204
1.942
1.606
5.410
2.397
1.082
2.955
1.867
1.184
1.264
1.477
1.036
1.721
3.702
1.362
2.352
2.639
1.189
2.076
8.321
1.007
1.794
2.743
1.032
1.305
1.580
1.870
2.285
1.318
1.032
1.608
1.112
36.270
2.133
1.064
2.858
1.154
2.396
1.624
2.326
5.092
33.118
1.621
2.347
2.722
1.277
2.204
1.343
1.338
2.832
1.226
1.055
2.956
1.253
2.842
2.310
3.719
2.903
1.072
2.025
1.100
9.794
1.837
6.661
1.300
1.130
509.048
3.466
1.197
3.719
2.449
2.024
4.304
49.860
8.237
1.428
1.228
2.088
2.200
2.509
1.383
1.111
2.562
1.802
3.434
2.823
4.072
6.978
9.237
1.080
2.502
10.570
1202.152
5.002
2.450
2.111
3.208
9.275
1.814
14.875
2.685
2.055
2.115
1.677
1.140
2.559
5.763
1.114
2.573
12.177
46.632
3.823
10.812
1.548
2.241
5.630
7.758
1.284
1.169
1.556
2.405
4.527
1.354
1.477
2.489
3.078
8.955
5.896
1.567
1.073
1.518
1.639
4.970
2.287
3.500
1.633
6.080
1.485
5.460
1.420
15.408
1.360
1.241
2.703
1.303
3.087
3.078
1.372
1.073
2.459
1.153
4.538
1.335
4.806
1.549
1.343
2.151
1.032
1.079
1.869
3.329
1.492
2.844
1.235
1.052
1.149
10.155
8.840
1.153
1.126
3.480
10.596
1.781
6.582
1.099
1.887
1.888
9.621
2.786
2.940
1.619
3.504
1.298
5.839
1.049
1.096
5.570
1.674
2.244
19.046
1.056
2.259
9.403
1.330
1.444
1.005
1.022
1.618
25.241
1.968
1.339
8.868
2.321
2.106
3.272
4.876
4.697
1.518
6.357
2.742
2.469
1.254
1.055
5.501
1.512
1.631
4.870
1.234
1.154
1.198
1.034
1.249
3.689
14.030
1.409
7.641
1.050
1.073
7.979
1.942
1.963
28.086
3.390
1.241
1.194
1.948
2.535
11.748
1.156
10.565
8.812
1.210
2.816
2.164
1.623
1.170
1.239
34.593
1.556
1.115
20.236
5.308
1.478
1.326
2.330
31.213
1.658
1.183
1.235
6.529
4.291
1.548
1.138
2.357
2.914
1.417
1.395
4.734
1.698
1.056
3.521
1.676
2.487
1.130
3.902
1.555
1.274
1.222
1.001
1.257
2.559
1.171
1.873
12.281
1.109
4.899
1.837
3.832
3.506
4.137
1.471
2.578
125.433
1.171
29.079
18.573
1.634
2.387
1.138
5.781
6.019
1.268
1.962
5.524
1.063
1.564
3.193
25.087
1.112
1.874
1.064
1.583
40.246
2.549
3.519
2.695
1.868
1.363
1.869
1.497
4.395
1.478
1.528
3.243
1.607
1.131
1.395
1.142
1.074
1.014
2.197
1.523
1.354
1.785
1.226
2.054
35.119
1.149
1.084
2.143
1.096
1.975
2.599
2.475
6.731
1.457
1.165
2.666
1.144
2.723
27.263
267.777
1.857
1.304
3.093
5.198
1.831
2.576
1.040
1.230
3.244
1.098
2.778
