2.864
3.679
2.397
1.156
2.820
2.968
5.293
27.110
2.655
47.599
1.020
16.515
3.279
1.189
1.716
4.325
1.325
1.757
2603.002
2.347
465.015
3827.634
1.753
2.666
3.028
49.923
1.152
3.836
15.086
4.169
82.104
4.238
17.153
1.685
1.173
42.821
29.701
587.605
1.539
10.547
4.137
1.017
1.535
2780.876
80.895
1.192
1.569
3.380
1.973
7.766
3.389
1.893
278.306
3.070
6.797
7.993
31.452
3.251
121.011
3.800
279.770
1.808
1.945
18.392
1.707
2.283
2.129
1.551
12218.929
3.008
522.894
2.084
72.239
6.410
50.963
2.370
63.071
1.160
9.658
4.291
2.070
1693.964
4.854
1.338
48.842
1.562
1.333
914.961
3.895
20.128
73.978
668027.630
4.756
48.055
17.909
1.892
2.046
2061.794
2.058
3.817
1.042
133.763
1.076
13.518
16.966
1.505
2.215
17.809
3.364
100.397
1.202
165.428
14.774
3.812
2.742
4.841
8.576
12.065
1.892
4.242
1.262
2.932
11.710
40.432
1654.353
44.128
634.778
74.952
163.309
3.546
37.909
20.019
2.982
4.441
197.913
800.126
1.205
21.234
11.525
6.985
1.605
1.146
7.870
2.960
1.153
2.030
3.549
5.391
241.979
6.526
6.953
9.515
7.273
2.382
4688.680
388.217
135.351
959.662
3.602
9.449
1.866
2.887
4.058
291274.712
26.973
4.433
3.229
7.175
2.414
7.454
1.111
23.673
2.195
28.328
767.984
21.738
7985.786
1.002
1.190
60.725
9614.947
10.297
57.191
33.928
3.421
13.795
5.366
6.062
56.336
1551.325
675.173
2.072
21557.517
1.123
4.516
4.369
1.737
11.042
10.569
19.517
1.197
155.885
3.597
79.914
1.082
6.295
12.015
7.201
7.321
11.516
279.885
14.864
31.746
17.085
6.266
3.843
1.714
1.505
1.449
5.154
2.200
6.238
10615.549
8.563
99.339
1.132
3.142
7185.128
102.329
171.163
2.839
9.622
3.147
27.100
9.952
3.608
2.380
11.768
1.951
1.167
8.775
1.859
10.579
50.742
1.364
7.161
1.196
15.804
28.776
1.414
1141003.340
33.377
11.428
26.163
18.016
36.769
35.063
9.169
24.256
2.650
6.472
10.574
14.229
1.059
1.091
10.775
1.796
5.537
2.343
3.044
7.406
2.856
59.054
2.972
1.443
1.267
1.023
3.612
1.604
2.359
1.320
1.197
3.664
1.593
1.402
1.221
3.013
24.487
1.890
32.100
1.624
12.190
10.252
1.088
11.156
121397.919
3.704
2.538
7.651
81.097
5.555
7.039
4.939
106.288
2.786
2.173
8.774
698.420
3.361
251.952
84.617
8.866
11089.571
6.948
1.182
30.241
1.813
21.416
5.017
1.049
17.761
2.681
1.044
18.098
1.748
4.557
2.892
11.192
2.877
1.235
5.687
5.050
2572.774
1.041
35.638
1.534
209.661
3.778
1.567
1.385
2.010
93.956
3.790
2.110
1.649
7.935
1.003
5.168
2.207
50389.232
1.956
1076.325
1.002
2.576
2.305
580.238
1.888
3.431
96.809
45.364
2.944
2971.947
86.939
358.160
12.450
14.511
30.695
1.789
1.698
653.030
3.460
3.233
10.245
17.498
1243.884
2.189
5.827
8.883
1.362
4.058
1.496
1.394
49.673
1.344
8.495
4009.711
1.254
2.259
7.409
220.978
1.193
132.411
35.134
1.541
1.016
10.130
1.154
3.257
971.681
6.514
12.748
13.239
4.936
7.108
4.733
3.824
1.389
21.124
1.254
2.130
20.223
3.826
3.570
4.836
13.703
44.427
2.543
1.060
2.282
3.204
5.930
1.711
5.730
6.207
110.213
120.183
1.113
1.465
8.387
1.165
1.178
1.382
1.685
14.079
2.121
13.291
28.018
1.239
2.059
4.115
113.074
3.522
8.017
52.454
1.103
1.141
1.658
3.867
36.244
1.983
1.233
3.773
1.536
106.466
3.547
1.595
185.354
6.831
6.091
4.563
3.112
8.563
29.966
64519.039
52.651
1.954
26.636
1.641
6.828
6.223
3.326
1697.473
6.346
94.738
9.221
1091.038
230.295
1.020
1.255
124.371
2.606
10.427
8.679
3.371
333.006
4.675
1.088
25.327
1.159
2.945
66.736
47.519
2.084
2.290
72.173
27.018
34.046
9.244
518.722
2.505
1.082
1.005
10.103
3.383
1.100
7.917
1.390
2.663
16.410
4.644
1.455
3.573
5.637
1.630
2.810
7.162
2.152
3.535
3.851
11.082
1.525
1.184
25.309
18.768
3.766
1.853
3.629
37.566
3.035
2.025
9.773
10.563
1.715
30.048
5.074
258.916
1.797
3.524
3.442
3.794
5.092
95.765
1928680.094
27.411
1.981
9.423
4.415
6.061
3854.531
1.177
2.710
19.252
1.262
6.202
1.711
7.640
10.175
2.752
126.626
2.530
2.291
1.091
7.778
99.410
1.228
3.271
1.737
8.207
47.835
20.751
12.084
2.604
2.032
5.158
1.376
2797.211
14.967
756.147
2.586
2.691
280.155
8.145
38.688
315.981
2.036
6.162
5.485
1.218
3.276
1.654
1.887
13.316
18.648
598.393
20.076
1.219
67.906
560.458
1.730
97.949
10.005
35.456
26.914
1.229
2.230
21.019
11.532
2.773
131508.126
3.745
3.657
306.005
4.506
1.507
1.341
1.080
1.565
111.511
4.339
2234.835
1.222
1.022
21.914
1.624
1.448
107.928
23.152
7.602
1.686
97.683
10.171
9.019
47.397
248.654
1.995
1.641
22.479
1.869
21.259
24.817
1.011
7.407
2.117
4.521
28.041
3.268
5.523
4.310
12.064
1.028
24.266
3.739
2.038
2.074
1.200
10.278
1.835
4.044
5.111
6.177
4.162
2.071
11.047
2256.077
1.308
1.066
9.877
18.228
3969.574
5.732
396.638
2.380
3092.154
1.992
2.627
5.910
5.846
2.511
8.517
23.957
14.507
7.070
786.134
2.798
4.249
1.347
188.188
3303.186
1.490
65.079
19.573
1.780
10.362
1.428
113542.288
185.692
5022.491
20.975
2.141
1.528
26.468
8.223
1.149
20.744
32611.659
157.466
1.144
1.152
2.699
1.277
2.760
433.400
16.011
1.537
5.231
3.370
2.597
1.477
2.936
1.726
5.303
1.165
1.022
6.193
1.120
12.575
15.780
4.759
1.104
1.729
1.034
4.102
130.872
28.049
8.546
1.195
40.850
2.662
12.120
11.075
1.110
4.831
1.845
5.496
184.426
3.696
12719.653
4.835
3.346
6.152
4.734
1.590
1203.818
7.458
15.023
7.218
12.435
45.960
1.565
18.721
1089.767
8.384
1.009
10.823
1.020
3.541
25.634
1927.768
2.383
1.918
1.343
20.097
2.614
112.809
36.770
13.471
3477.267
5.147
2.623
3.546
1.380
61.208
1.404
759.111
1.097
17.006
26.280
2.324
1.715
1.915
1.100
35.150
4.880
8.594
208.850
6.392
103.739
4282.693
2.084
6.294
4.608
16.603
1.360
233.604
3.041
67.814
14.565
2.793
1.341
6.037
1.133
1.305
124292.289
2.806
1.472
389.394
3.565
2148.823
1.082
21660.658
5.241
20.743
1.035
2.097
8.912
2.113
3594.753
331.965
7197.725
15.377
28.176
1.224
2.371
4.039
1.799
1.025
1.233
3.650
3.181
1483.920
1.303
2.181
3.778
5.380
11.085
3.546
1.094
15.348
3.662
1.494
96.747
4.384
21175.683
11.155
24.329
2.462
4.644
1.906
1.848
36.253
1.672
1.265
17.139
1.071
16.052
1.436
3.693
10.228
2.467
2.879
71.677
3.198
8.608
7.393
72.726
3.188
2.535
20.016
9.446
8.160
3.609
53.928
1.234
5.561
17.616
2.725
1.480
2.310
2.841
4.781
1.109
1.262
47.964
1.829
5.767
19.598
17.838
1248.487
73.461
11.462
1.421
1.432
13.199
2.063
11.127
19.779
1.562
1.094
1.862
4.825
32.263
1.479
5.861
1.074
1.535
276.076
9.326
18.387
1.712
1.708
1.199
3.344
3.121
9.651
1.381
1.200
27.660
1.143
180.287
5.224
1.276
4.049
15.865
1.499
26.620
85.937
5.584
2.514
3.544
1.733
44.403
56.734
1.441
1.031
180.431
2.609
28.675
9.855
7355.620
2371.151
10.920
4.847
15.331
1.982
1.912
4.009
2.693
1.598
13.978
1.713
44.216
2.651
632.614
20.724
2.261
65.138
15.079
169.441
87.936
29.514
107.159
153.968
2.825
61.217
2.403
6.174
7.131
165.366
29.970
1.696
17.849
52.882
3.621
14.511
2.375
2.957
1.176
24.516
16.451
1.800
1.659
1.127
45.017
2.066
3.894
8.877
280.858
36.779
85917.081
18.526
