599.691
15.783
1.327
1115.934
1.674
1.244
6.534
81.007
1.303
1.530
6.733
20.733
2.149
1.088
13.389
1.799
7.672
3.381
1.940
9.624
17.604
8.063
1.439
8712.226
1.656
1.361
4.678
29.751
2.003
1.402
159.340
49.247
215.412
1.648
3.246
1.266
22.246
2.689
1.595
1.150
9.346
4.724
1.374
1.633
1.870
34.702
2.593
1.350
3.637
2.879
1.467
7.805
47.660
20.322
14.606
2.455
110.509
1.306
1116.415
12.924
513.996
2.310
62.420
10.795
3.987
2.459
13.816
15.388
176.322
5.058
2.838
2.750
5.211
1.279
279.559
226754.639
3.799
8.112
5.504
1.557
1.057
1.031
16.881
5.327
27.995
1016.144
13.927
4373.475
13.997
2.205
1.290
99.288
1.309
3.513
6.727
519.957
1.007
3.253
1.273
74.183
739.277
15.985
1.714
3.107
9.945
1.711
1.350
150.700
1.330
1.655
2.320
68.824
6849.349
1.603
7.679
7.489
60.698
5.413
259.820
2.817
45.896
95.756
2.544
8.312
94.359
51.147
20.900
1.196
36.214
2.739
51.758
3.037
1.841
1.624
7.813
5.650
1.683
2.238
16.960
1.069
3.696
24.151
3597368.788
67.042
185.153
1.964
1.628
30.114
1.189
1.034
1.430
1.697
1.246
76.642
2.152
54.378
3.505
1.445
6.074
4.955
4.490
47.588
1.241
3.922
677.137
113.657
4.197
34.183
3959.264
1.509
184.836
230.535
1321.277
123.110
2.452
2.336
4.344
457.154
14.349
2.654
6.125
5.604
1.055
25.473
3.633
2.226
17498.749
1.373
79.326
22.516
9.065
33.111
16.519
1.187
1204.674
8.270
1.136
4.605
4.353
2.115
2.378
1.374
9.402
5.008
15422.728
3.102
1.228
9.702
1.003
3.631
1.318
5.445
4.539
1.113
3.327
4.607
1.416
7.594
3.621
1081.737
10.111
1.157
1.249
1.649
1.658
30.707
4776.893
51.743
2.735
3.365
47.284
3.519
5140.247
6.943
7.387
3460.090
5.222
9.517
164.111
8.825
2.471
1.025
55.410
3.905
5.700
58.368
23986.331
81.752
3.006
9.899
65.401
4.047
7.226
2.747
5.813
8.602
2.262
7.621
1.118
1.318
1.611
9.890
1.107
735.961
2.406
707.061
2.858
14.996
310.775
1.202
7.098
18.958
1.363
1.001
7.094
4.453
22.842
1.380
2.443
1.055
8.562
44.500
28.029
7.768
5.320
12.146
10.741
1.621
3.225
1539.909
3.283
67.445
1.361
11.378
14.125
197.697
87.215
3.175
43.961
53.889
10.315
3.962
197.117
936.356
234.576
1.301
3.368
62.388
6.806
2.473
3.755
1298.804
1.573
2.181
77.022
12.633
1.086
11.258
1.243
50.418
225.862
52.912
148.525
1.162
72.752
1.364
1.276
319.163
3.980
8323.343
5.177
2.412
1.598
452.748
29.933
1.975
3.108
35554.593
19.036
1.606
3.691
2.185
5.935
1.126
3.642
4.921
1.935
2.065
1.563
1.268
1.194
6.779
38.172
15672.253
9.615
3.807
3.124
1.880
43.522
9.911
4.004
3.239
23.979
3.505
1.871
178.709
5.355
1.583
115.197
9.375
8.306
92921448.519
7.797
37637.274
1947.338
9.061
1.466
15.375
4.453
24.078
8.932
3.398
50.959
3.663
64.325
6.510
58.640
1.249
3.659
133.143
2.458
1.154
51.712
7.045
20.996
1.038
2.551
33.237
1.347
2.318
1.829
48.381
860.455
1.972
1.080
10.825
2918.709
2.170
2.095
18.871
3.169
16.602
13.476
1.934
4.831
2.367
1.512
84.531
381.679
28.276
1.098
1.391
4.622
3131763.472
1.161
2.165
1.483
17.788
1.500
2.854
2.313
215.045
20.780
1.981
1.874
583.133
23.912
1.785
3.123
2.658
1.299
224.878
1.230
1.032
88.265
27.891
1.350
1.603
11.857
15.816
4.073
7.051
1.103
12.838
2.133
1380.236
1.271
4.289
12.114
75.992
38.037
13.512
9.815
1.378
1258.615
6.120
1.274
3.880
1.951
4.570
37.807
7.175
40.709
4.886
1.724
1.254
1.187
331.516
3.659
6.072
33.786
7.075
2.567
21.994
40.820
1.692
26.382
15.581
35.193
2.535
1.100
1.648
132.680
71.756
3.578
1.013
14.538
5.239
1.048
1.548
1.081
1.085
1.518
20.232
1.076
2.407
4.925
1.038
112999.824
159.068
18.392
137.865
2.506
104012.478
110.273
27746.127
1.922
6.636
13.381
1.365
1.933
1.311
15.891
12.621
18.824
1.798
1.146
3.804
1.450
1.874
37.757
17.364
1.494
1.140
12.279
23.287
7.540
1.500
2.519
15.246
5.846
1.702
1.869
1.334
2.752
6.742
7.802
1959.987
3.296
54.838
1.318
1.203
4.590
16.851
2.211
1.119
2.410
4.101
17.081
1.274
7.180
2.318
2.417
1.794
187.629
6.577
18.302
2.099
1.636
1.013
6.862
2.364
2.667
45.904
5.568
1.011
9.443
39.017
12.450
3.513
5.359
3.355
22.007
17.673
277.820
9.615
6347.700
1.337
659.393
1.513
27.516
5.879
1.508
6.410
3.193
66.532
7.248
1.118
5.237
1.209
151.419
343.483
208.525
23.921
13913.011
2.993
4.182
1.882
4.731
1.804
1.164
37.881
82.769
12.158
29.633
1.185
3.729
2.018
20.975
37.648
1.629
2.057
1.015
101.512
3.822
1.810
13.990
4.738
133.663
73.477
1.278
2.510
2.260
7.498
4.780
1.794
25.246
1.806
10.284
5.707
7.326
34.861
5340.615
18.222
27.124
1.223
12.407
22.837
1.226
18.533
1.071
5.507
610.736
1.358
1.154
32.264
5.428
5.729
57.776
7.440
2.798
18.862
2.220
1.115
8.345
153.451
1595.462
2.658
68.422
1.376
231.483
2.228
30.802
131.243
1.370
16.962
44.657
5.789
2.006
36.090
1.818
1.552
1764.928
424.906
8.836
309.873
23.984
47.184
1.027
1.242
3.864
3.024
375.529
151.139
1.900
17.020
3.286
219.587
34.482
3.567
1.111
29.675
21.921
5.457
17.519
1.682
2.809
2.861
391.709
1.359
16.013
7.785
125.987
1.651
3.904
3.506
1.340
40.501
65.513
1.150
1.499
3.268
2.056
1.706
3.764
107.428
3.831
1.292
27.637
4.953
6.970
1.173
6.095
1.980
159.192
35.123
6594.333
5.323
1.045
4.884
45.112
13.479
12.972
5.643
8.868
1.418
175.445
3.874
540.588
1.285
52792.885
4.498
830.809
13.151
21.785
1.041
41.674
1.058
3.266
1.430
2.942
15.144
1.205
1.370
85.299
5.873
7.373
490.066
1.284
5.028
76.176
34.751
1.254
1.515
14.920
5.886
21325.511
10.389
2.960
5.131
7.234
4.592
20.375
2.505
4.177
3.530
1.099
1.486
2.401
4.939
4.821
3.924
1.541
1.468
11.779
25.951
2.310
117.392
5.549
2.528
7.151
4.949
2.648
213.515
4.944
429.006
18.631
2026.197
1.728
17.023
1.077
2.229
80.948
1.209
1.786
58.994
11.162
1.170
36.203
211.711
2.330
21.770
1.030
4367.740
60.508
4759.843
14.415
1.363
820.260
2.690
2.342
4.394
5.390
3.289
7.326
34.532
23.602
63.724
3.478
3426.590
1.363
3.883
8.169
27.932
220.192
298.170
4.523
4.563
2435.880
41.737
3.412
1.580
8.994
5.194
7.375
351.473
7.757
2.537
5.472
6.846
16.769
3.630
3.844
43.236
1.334
3.640
2.446
18.563
2.736
2.764
1.881
2.445
2.411
308.856
1.069
2.212
40.082
15.728
4.089
1.089
1.057
264.062
19.757
1.944
2.161
6.357
454.899
2.457
2.318
16.269
5.493
1.052
29.296
2.034
8.732
1.413
2.936
2.158
1.547
8566.649
23.199
14.890
1.643
8.617
71.923
21.910
1.756
28.650
6.596
1.227
28915.637
73.567
3.416
3.326
1.107
2.107
5.695
2.176
49.825
5.840
1.742
3.706
2.269
8.232
10.391
5.213
8.238
3.086
47.348
92.044
468.186
1.070
2.475
2.600
3.136
9.870
2.364
71.546
1859.694
1.116
2.626
5.633
2.359
7.727
2.230
373.085
5.142
3.783
3.504
6.778
2.331
1.544
272.484
1.280
21.330
1.996
735.289
4.139
5.247
3.161
1.566
40.691
1.916
23657.905
82.956
3.149
359.372
99.011
3.656
7.316
3.700
1.385
3.212
2.225
1.285
1.345
5.625
1.350
1.021
14.117
33.552
3.350
2.656
1.432
5.310
1.857
2094.886
28.174
6.524
212.743
91864.380
17.779
7.869
46.980
561.887
56.116
1.008
1.072
103.534
2.837
