1.414
1.574
1.179
1.810
3.712
4.142
12.020
2.123
8.026
2.058
9.749
7.625
106.122
1.090
5.089
2.483
1.501
1.346
10.525
1.949
2.056
1.449
7.863
1.239
1.193
1.374
7.191
4.232
28.155
4.996
17.688
1.068
1.573
6.674
1.214
1.251
1.094
8.679
1.616
1.296
1.513
6.133
964.599
1.131
1.832
2.107
1.176
3.009
2.598
1.370
5.408
8.309
2.051
29.222
14.203
18.180
1.997
2.331
2.306
1.793
2.811
5.255
2.536
1.298
2.878
1.373
1.031
3.437
2.465
3.486
5.413
2.437
6.181
2.822
5.577
6.778
1.131
1.011
4.724
1.144
1.102
16.897
1.830
1.523
15.412
5.044
1.324
1.152
3.062
2.270
3.132
4.604
13.887
2.684
3.976
1.154
13.892
26.587
1.021
1.552
1.001
1.798
5.870
1.459
1.387
3.604
24.635
23.997
1.231
2.949
2.210
10.544
13.482
5.594
12.131
5.665
7.627
15.353
9.102
24.930
2.360
1.211
3.735
3.754
1.069
9.529
1.172
1.994
1.572
1.215
9.303
2.453
152.730
22.132
2.817
3.897
1.095
2.681
1.205
2.335
1.542
9.277
63.954
1.422
1.457
10.349
3.654
1.018
32.672
167.262
3.910
1.074
1.328
1.853
1.858
31.953
1.742
1.262
2.574
2.451
1.186
8.366
2.419
1.181
13.265
155.867
1.460
1.083
26.617
2.044
1.184
1.070
2.490
1.764
20.019
1.162
54.557
11.350
176.264
1.262
2.546
1.580
6.645
31.241
5.840
1.468
129.208
6.176
1.227
4.141
52.792
1.608
7.878
74.375
1.911
4.759
2.698
3.309
5.611
7.162
42.518
9.250
4.621
7.175
23.686
29.561
5.186
2.015
5.133
1.021
1.657
56.012
3.719
1.033
10.529
1.014
110.257
3.221
49.706
97.485
15.927
10.846
1.571
1.393
1.307
505.524
1.051
3.905
15.805
3.255
4.067
31.425
3.448
2.704
1.379
4.070
1.791
7.078
12.729
1.073
9.850
1.242
1.443
5.044
2.043
3.388
1.719
2.734
2.497
46.718
1.859
5.734
1.253
2.044
34.511
1.968
1.484
7.544
3.943
1.376
1.128
1.739
15.805
8.816
2.230
1.607
5.629
1.289
4.020
23.394
5.356
1.282
3.699
11.278
1.251
2.256
1.046
9.303
4.059
2.615
3.505
2.005
1.527
7.137
1197.707
1.160
29.016
1.783
162.184
13.717
1.048
1.983
5.581
17.452
2.579
1.903
1.098
1.123
7.664
7.481
59.092
39.139
2.888
2.579
1.616
53.662
8.527
1.638
140.042
6.398
3.478
1.089
2.167
1.074
3.623
1.069
2.912
8.854
1.840
1.300
2.730
1.899
1.310
210.399
2.661
331.825
2.073
3.984
1.606
3.123
1.126
2.551
19.039
1.642
2.002
4.346
1.143
1.942
1.253
25.194
14.788
1.252
1.193
2.289
1.082
486.363
64.243
6.985
1.727
11.878
2.014
23.601
2.367
172.354
8.723
12.605
2.072
2.630
1.642
1.383
7.346
9.988
1.598
1.012
1.716
2.560
2.107
1.160
25.407
2.477
1.737
1.199
6.687
1.035
1.362
2.650
5.354
5.766
9.495
2.019
2.529
16.483
367.697
1.365
1.332
2.356
1.669
1.532
2.371
13.500
2.937
3.990
1.843
3.139
1.608
1.022
27.471
1.455
3.039
3.186
4.086
4.249
10.133
44.249
1.414
3.695
4.387
40.217
4.067
22.137
36.614
1.734
2.300
40.438
9.314
2.105
1.892
18.623
2.205
9.156
5.216
15.966
4.912
8.116
1.178
10.947
26.380
1.146
36.404
55.562
1.347
2.438
2.303
1.638
29.761
1.467
15.493
3.272
2.684
1.168
1.078
1.047
3.969
1.690
1.492
4.474
2.595
1.033
1.994
66.060
1.052
5.739
4.274
4.983
1.150
2.513
1.405
10.575
15.197
3.454
2.893
1.143
2.536
4.297
5.136
2.055
2.250
1.402
33.570
24.675
3.058
2.025
1.138
3368.165
2.955
79.780
1.054
1.869
15.545
1.887
7.015
36.603
1.084
4.063
4.680
1.220
11.079
1.159
2.138
1.426
2.626
7.808
3.242
12.642
1.318
1.524
34.077
1.126
1.694
7.526
1.195
2.518
2.220
1.061
2.010
95.908
1.759
7.014
2.199
4.281
29.486
3.281
3.655
2.291
1.398
1.022
2.415
1.904
30.994
2.316
1.502
14.986
51.682
81.150
1.833
22.127
4.609
2.247
1.217
2.153
1.547
3.830
1.190
1.380
1.533
14.436
1.238
7.371
3.171
1.177
2.056
3.395
1.312
1.099
1.465
1.102
1.003
6.285
8.511
135.080
1.105
1.883
3.948
3.820
236.726
28.572
2.076
2.511
2.195
7.603
8.797
1.233
82.938
18.925
16.898
2.311
2.168
1.060
7.657
4.282
5.558
250.978
6.698
3.484
2.012
2.535
2.147
1.144
581.313
1.416
1.073
7.569
9.878
3.243
2.733
1.687
135945.138
139.680
2.129
1.652
34.345
1.649
1.135
2.117
5.524
1.648
2.080
5.591
1.852
1.175
1.719
1.058
1.355
2.054
3.207
2.540
14.781
1.716
3.540
23.119
1.160
11.243
1.829
6.021
74.153
1.053
1.126
1.217
2.141
25.116
1.008
5.414
1.416
1.968
5.113
1.817
1.692
3.295
4.221
1.197
1.175
3.156
4.575
7.113
3.839
1.079
1.407
1.384
1.088
106.754
9.166
57.309
1.424
3.993
2.955
7.839
1.034
174.196
7.139
8.129
12.120
1.490
6.083
2.999
1.171
1.137
1.113
2.010
112.267
1.363
62.770
3.405
22.692
8.400
1.491
160.389
1.241
6.046
2.585
1.197
3.488
2.512
12.066
4.579
7.949
6.778
1.676
1.257
2.683
1.306
1.294
2.478
239.944
1.502
1596.293
1.173
2.314
1.272
1.817
5.293
39.242
2.306
2.956
13.706
1.472
90.635
3.241
1.187
22.621
1.555
1.710
4.738
19.434
1.097
1.740
3.088
140.711
5.524
1.716
1.243
3.276
1.497
1.124
2.495
26.154
1.012
2.181
1.385
1.075
1.818
1.249
4.894
1.710
1.900
12.936
4.735
1.658
1.191
2.276
1.851
1.684
1.367
2.375
2.008
28.159
11.416
4.295
25.183
3.261
1.473
3.641
2.856
4.362
7.666
3.624
4.270
96.256
1.230
2.234
2.024
33.316
10.247
1.144
1.034
9.283
1.241
588.061
1.978
13.068
1.120
4.049
11.590
1.306
2.236
1.797
2.068
2.616
10.436
1.230
2.267
1.825
35.655
2.096
5.765
4.651
1.415
1.837
5.292
1.536
2.616
2.698
1.452
40.146
121.375
5.271
1.209
2.077
1.721
10.396
10.851
1.167
5.059
10.477
15.810
1.635
1.425
4.433
1.669
2997.671
1.390
11.672
14.852
1.454
2.225
1.960
1.085
1.030
1.262
46.841
1.263
1.187
30.539
1.848
11.927
1.163
3.988
1.368
180.998
1.530
5.308
5.976
1.482
1.010
17.541
3.539
1.050
19.515
5.124
3.006
10.294
1.453
2.084
2.930
953.035
1.830
4.685
256.285
229.558
1.526
6.516
1.318
2.749
60.170
12.642
1.314
4.725
42.163
4.277
18.366
223.731
1.051
2.327
1.723
30.728
9.650
1.062
1.491
1.474
2.417
3.929
1.280
1.860
4.341
1.301
3.149
4.126
1.395
2.584
3.447
2.969
8.062
4.563
20.924
72.033
820.003
48.039
1.149
3.017
3.393
4.152
21.164
3.351
6.865
6.112
12.628
11.736
2.021
1.300
3.588
16.596
9.824
1.307
1870.021
1.045
3.957
36.253
3.235
1.604
6.785
8.714
3.438
1.154
1.161
1.208
2.591
1.435
2.183
2.381
2.505
1181.385
1.396
2.038
2.045
1.014
4.438
4.744
15.267
1.593
1.316
4.202
6.580
9.336
169.011
2.403
3.461
7.813
1.636
1.387
29.370
1.227
2.200
2.131
1.286
3.296
1.434
63.120
6.170
1.162
19.806
1.997
1.898
1.512
2.333
1.233
99.366
2.521
398.734
8.738
22.043
78.978
1.314
4.960
1.397
5.906
2.544
100.764
7.731
30.586
1.540
1.303
2.343
2.451
2.612
1.122
4.280
1.892
5.496
2.610
1.391
4.992
2.167
1.716
5.685
2.053
24.158
1.540
6.946
2.029
2.144
15.312
3.696
1.100
1.072
1.274
1.538
4.996
11.362
16.619
1.546
3.317
2.043
53.156
2.716
2.060
3.560
1.095
6.815
4.247
1.201
5.400
