6.678
1.815
4.564
4.294
154.140
1.465
1.212
3.512
75.551
3.099
5.587
1.549
1.343
1.156
1.833
2.226
2.214
1.814
10870.653
1.204
12.160
6.196
5.496
2.093
3.098
2.924
273.614
1.499
1.634
1.191
4.965
1.880
1.868
1.097
4.725
3.215
21.761
6.153
1.209
2.010
1.429
1.068
1.608
12.619
3.489
5.069
4.611
1.783
1.597
2.654
2.098
7.038
659.594
9.347
34.293
1.604
54.896
49.933
2.419
2.346
7.712
368.358
1.075
331.390
5.768
2.502
4.730
1.129
13.083
36.481
7.880
37.217
1.520
3.010
73.007
3.088
1.595
4.927
28.432
2.492
3.716
49.427
12.017
1.757
2.762
18.124
7.578
1.765
1.675
2.761
2.764
2.444
4.060
4.668
4.924
17.020
7.427
4.975
13.913
12.141
3.074
7.943
3.831
3.672
4.197
7.131
1.189
2.219
8.855
2.599
2.893
10.055
1.842
2.066
1.620
14.375
3.049
54.345
1.407
35.964
31.557
3.490
331.351
12.507
25.141
7.742
2.437
12.740
103.023
1.288
13.160
7.832
1.020
73.740
3.478
43.090
1.712
1.196
2.099
2.987
1.175
6.080
4.378
2.024
1.279
1.380
1.375
1.006
2.684
4.140
2.440
2.613
1.406
1.069
1.740
5.521
1.041
3.291
1.835
4.801
9.979
435.197
33.976
1.256
5.348
34.869
1.473
1.316
1.339
9.616
3.206
1.457
1.168
5.034
23.245
3.020
4.088
2.778
4.583
1.322
5.542
1.426
11.622
5.282
2.379
1.554
3.731
3.865
1.378
3.860
1.497
4.227
20.703
3.225
2.392
1.210
1.198
2.324
8.025
15.742
1.366
1.882
2.168
6.366
1.715
1.924
2.226
1.550
3.285
1.242
16.779
8.894
2.087
5.253
1.355
10.528
7.715
1.021
14.639
6.044
4.554
1.134
2.514
85.700
5.596
1.428
21.015
3.461
1.732
2.189
2.072
4.404
1.860
6.568
3.254
19.488
1.662
4.084
8.267
1.070
1.149
5.167
6.715
25.892
3.057
1.816
1.180
3.078
2.312
1.516
1.187
6.987
2.562
2.290
2.337
19.899
4.742
2.016
2.869
6.506
33.020
1.293
23.820
332.406
2.785
3.452
2.987
2.059
1.386
1.258
6.251
1.738
2.186
1.288
1.188
1.007
1.647
4.218
94.220
3.759
3.144
1.223
1.412
1.190
1.130
4555.769
2.639
2.642
1.095
2.778
65.659
32.220
1.586
1.798
1.869
45.117
3.854
4.008
71.398
1.070
4.237
1.689
5.764
1.467
2.050
23.276
2.485
7.359
6.628
4.552
1.129
1.016
1.468
2.924
10.172
1.144
2.367
3.473
1.177
4.809
29.276
2.348
3.524
18.564
4.986
375.244
1.954
1.238
5402.664
25.867
1.857
2.614
4.448
1.675
1.642
1.314
24.668
2.546
3.676
1.228
5.245
2.179
1.227
5.493
13.622
6.289
1.368
1.564
1607.132
1.514
22.329
1.092
1.069
1.515
1.323
1.123
8.609
14.115
2.248
8.040
2.307
1.256
4.260
19.047
16.187
8.879
1.993
1.350
3.974
21.062
23.236
5.699
1.068
10.277
1.202
6.270
11.284
1.185
1.529
160.060
10.232
1.875
42.158
3.318
5.680
1.692
2.023
1.220
7.000
5.600
1.916
2.182
1.887
1.480
139.751
17.508
333.802
2.154
1.016
2.081
1.949
2.829
4.115
1.325
21.812
93.556
2.714
1.198
319.429
1.643
1.281
24.633
1.977
4.587
4.776
4.884
882.715
1.929
5.949
1.495
3.270
1.696
1.442
1.050
1.302
25.662
14.724
2.903
2.264
15.044
2.691
20.091
2.315
1.961
36.696
12.220
1.071
5.492
90.879
1.582
1.868
3.902
2.455
468.527
5.099
1.107
3.882
1.953
3.169
9.502
1.071
6.246
13.414
1.222
2.599
8.977
2.765
3.007
47.804
1.790
5.359
1.800
1076.603
4.261
3.836
1.905
3.652
2.609
3.755
17.089
1.243
1.926
52.752
699.456
1.597
4074.720
4.102
1.716
2.670
1.331
4.418
1.151
1.268
1.119
3.651
1.701
1.334
14.317
7.753
4.275
140.381
1.032
1.607
3.645
2.119
5.270
2.929
14.004
6.438
97.043
127.224
27.515
14.566
1.650
3.691
1.097
1.070
1.808
1.363
2.659
2.031
1.091
14.808
1.745
19.141
1.853
14.573
1.977
2.032
1.315
2.292
1.317
15.414
1.060
11.008
2.744
36.104
19.707
1.082
1.037
1.469
7.176
5.851
1.806
1.056
1.328
27.597
17.583
1.014
1.361
7.455
1.288
1.233
14.073
35.248
1.255
1.217
7.359
6.248
1.153
33.493
1.179
28.094
1.682
2.690
9.763
1.495
1.505
3.014
1.025
9.193
5.961
1.681
1.145
3.916
9.063
1.161
245.414
1.864
7.318
6.077
4.836
9.423
83.043
2.327
2.085
1.014
1.025
23.678
1.646
1.257
4.171
3.969
5.693
2.935
1.939
1.180
1305.709
29.179
7.052
1.635
1.528
3.412
54.574
4.737
1.594
13.595
2.929
1.280
1.330
1.279
1.813
2.383
1.062
2.464
1.582
1.539
1.736
1.513
6285.289
1.542
1.025
1.382
2.163
2.288
4.226
1.212
159.229
1.374
5.701
4.068
2.356
7.177
1.737
8.619
4.165
1.734
30.325
4.291
6.666
1.066
3.358
1.492
1.228
1.519
2.054
4.372
3.470
3.907
32.358
1.709
1.268
10.898
1.896
2.527
19.339
1.214
1.330
17.989
8.967
2.137
2.009
18.627
4.657
4.022
6.953
1.681
8.453
6.979
4.928
23.069
2.433
15.346
9.034
1.921
1.365
3.092
65.140
1.022
2.814
8.388
1.439
3.666
14.129
2.097
18.382
5.317
3.665
3.076
1.881
33.552
1.702
1.401
4.873
1.345
1.509
2.247
4.993
1.160
1.021
2.502
1.986
2.148
3.841
3.451
3.622
52.762
2.021
4.520
1.339
2.796
21.210
1.117
23.249
1.511
45.626
4.702
47.799
1.880
1.011
11.344
1.480
3.182
4.106
1.876
8.885
2.697
10.652
25.658
1.059
20.543
11.458
18.894
4.229
8.816
7.601
9.615
2.282
1.573
3.806
4.007
3.632
2.232
1.986
1.187
138.231
1.035
1.395
1.013
3.433
1.788
3.134
1.741
16.548
1.767
66.951
740.193
1.068
3.689
2.094
1.739
1.965
1.509
1.299
3.120
21.445
1.410
16.362
17.546
2.028
7.674
1.238
1.290
1.792
2.049
6.443
7.390
2.037
1.506
2.637
1.054
2.619
2.731
88.845
1.708
17.900
17.931
1.618
6.184
25.381
1.496
78.180
1.752
97.302
5.650
2.015
7.683
1.837
2.062
1.217
1.298
1.611
2.802
3.243
23.571
9.445
8.619
1.039
3.054
4.768
35.088
4.820
1.052
44.375
1.638
4.422
1.053
5.371
2.425
2.707
2.264
1.430
117.738
1.160
2.234
6.820
3.840
9.830
1.013
4.118
1.311
1.089
232.895
4.356
2.938
35.929
1.493
5.435
29.158
2.803
21.412
1.685
1.129
2.043
4.302
10.556
1.427
5.430
38.027
4.065
7.279
196.956
184.023
8.553
3.755
73.170
1.229
1.736
3.117
7.273
1.066
1.450
1.886
2.295
6.590
17.921
3.082
2.939
4.091
2.527
5.380
4.656
1.142
5.288
1.422
2.425
4.680
5.561
5.971
5.817
3.913
2.925
6.971
1.977
4.206
2.756
136.781
4.155
1.491
1.080
1.025
20.557
16.058
3.082
3.912
1.860
1.939
2.038
289.405
3.923
4.548
1.080
2.501
2.092
1.052
1.131
2.558
2.740
20.094
178.408
4.000
2.801
1.045
7894.273
3.398
1.518
1.713
2.356
6.403
1.448
24.469
1.293
1.132
6.218
1.679
336.172
1.152
202.843
3.520
22.001
32.464
1.245
1.763
10.637
7.219
1.224
1.141
4.199
1.008
9.777
1.915
2.413
9.417
1.313
1.183
1.481
1.409
10.648
45.945
52.897
106.555
1.438
1.490
2.695
1.686
2.734
1.002
18.466
1.855
1.698
1.127
1.871
1.817
1.280
3.565
1.464
70.438
1.381
2.112
13.765
1.162
92.833
7.146
3.909
2.699
13.353
3.892
1.191
2.099
1.537
5.909
1.268
1.760
3.104
4.290
3.636
4.784
2.840
2.103
22.333
42.980
2.427
1.500
61.898
14.047
2.508
14.101
1.875
1.015
7.231
2.730
3100.236
3.595
1.420
161.858
5.016
1.036
8.715
2.682
9.079
