4.890
1.197
1.093
1.487
1.160
2.257
1.273
21.263
1.121
2.852
1.841
12.708
1.212
2.052
8.067
2.875
2.786
6.929
6.704
9.272
2.563
7.121
1.033
2.524
1.192
1.044
49.702
6.495
2.424
38.390
3.090
1.823
17.005
11.782
1.246
2.088
1.686
1.225
1.119
5.396
1.905
1.619
3.171
2.023
4.056
3.500
10.017
2.004
1.188
1.143
2.461
1.065
4.361
5.891
1.130
1.535
1.603
2.533
3.434
1.637
2.171
49.661
1.953
1.643
3.943
3.427
3.325
1.155
2.905
4.733
1.855
1.166
1.355
5.408
1.160
1.338
5.579
1.124
6.872
2.724
1.119
3.050
1.571
1.362
2.503
1.321
1.537
1.271
1.014
9.234
2.695
5.895
3.961
2.106
4.440
5.959
130.216
6.915
3.531
1.382
64.358
5.969
45.261
2.220
1.376
64.036
3.076
32.937
1.471
1.107
2.992
1.134
52.691
9.476
3.052
1.995
8.093
3.684
10.343
5.271
1.715
4.100
2.449
2.332
2.470
4.566
3.358
1.573
1.371
4.172
6.746
4.943
5.056
1.011
15.921
2.343
2.424
1.436
1.395
1.195
349.340
5.651
3.460
3.890
1.399
91.266
4.406
6.340
1.139
1.228
9.415
2.036
1.830
2.737
1.732
5.158
3.160
3.603
2.920
1.325
2.505
5.665
5.202
2.052
3.964
3.438
3.728
6.744
1.320
2.374
1.120
22.100
9.499
40.352
2.328
1.074
11.988
12.213
1.904
4.576
4.769
108.078
8.546
1.846
1.270
4.392
1.035
6.214
89.661
1.280
1.878
1.745
1.010
1.217
1.166
4.914
3.381
9.481
11.925
67.534
9.489
1.986
1.250
2.050
1.108
3.357
1.799
4.880
3.613
1.156
5.001
4.372
1.250
1.824
6.507
3.763
8.789
2.026
2.072
1.792
4.957
1.133
2.734
1.594
1.785
1.034
8.711
1.062
1.824
1.339
1.160
1.122
23.334
2.073
2.209
1.592
1.272
1.509
7.482
92.820
2.829
2.291
2.503
1.528
6.434
2.681
91.255
2.269
2.556
1.528
1.499
16.908
3.918
14.843
4.327
26.123
1.636
1.432
1.192
1.110
1.210
2.196
1.413
1.248
1.159
2.681
8.569
3.355
2.318
3.513
8.841
12.418
1.785
5.304
2.519
3.499
1.088
1.286
1.375
1.065
2.700
1.011
3.084
1.550
4.041
38.665
9.123
2.147
1.004
6.573
4.260
1.366
1.511
1.843
1.038
1.652
6.270
1.517
1.212
1.010
1.985
10.303
1.382
6.511
26.904
3.442
1.987
1.987
3.893
1.346
1.424
17.770
1.534
4.739
20.696
1.163
1.095
1.067
1.280
1.303
8.231
1.302
3.251
2.114
2.885
1.896
2.873
3.650
4.011
1.127
2.177
1.110
1.034
49.698
1.085
7.070
1.040
1.670
1.101
2.102
3.337
3.828
1.221
2.074
2.060
1.235
2.855
3.743
1.370
4.203
1.577
1.322
308.805
2.663
3.216
2.054
1.395
2.280
1.007
3.885
1.966
1.699
2.273
11.512
65.712
2.122
60.915
7.338
1.732
2.124
1.732
173.029
10.192
4.327
1.584
1.214
1.018
2.595
1.608
1.692
4.253
1.500
1.340
2.956
2.722
1.744
1.296
1.206
1.489
1.193
5.925
2.291
1.896
53.489
4.755
2.704
3.310
21.146
1.886
18.968
21.087
1.630
2.653
1.911
1.323
1.632
1.501
2.347
1.597
9.738
2.041
9.032
10.621
1.358
3.133
126.461
2.099
1.241
2.568
3.484
1.735
5.738
1.112
1.304
1.244
2.796
3.974
3.103
1.183
4.263
2.341
1.216
6.949
1.069
4.102
1.526
1.273
1.465
2.360
2.445
1.006
2.419
1.650
2.749
2.880
1.031
1.949
1.004
1.224
1.847
1.218
1.479
2.038
1.081
1.455
1.242
2.232
11240.788
1.116
5.890
2.951
1.353
2.743
1.259
1.184
61.699
43.701
2.330
3.472
5.379
5.376
1.512
10.704
7.153
3.088
2.011
2.940
4.176
218.007
1.478
2.970
2.409
1.740
2.223
1.249
7.370
1.096
1.112
2.742
1.196
1.003
3.032
4.792
1.012
8.823
1.256
16.229
1.913
15.395
3.806
22.241
5.410
3.143
1.462
1.980
2.194
1.307
1.555
1.047
3.787
1.638
1.103
1.372
14.442
4.033
6.404
6.662
1.223
1.102
1.852
2.151
1.640
1.853
2.685
2.025
1.142
1.222
4.201
24.258
2.541
9.675
1.919
3.817
2.472
1.072
3.160
1.781
6.613
1.049
1.815
2.212
1.126
5.590
12.095
3.022
1.183
17.403
1.177
7.337
14.769
1.150
1.154
7.496
2.495
3.839
1.267
1.374
1.006
1.566
22.133
50.383
1.642
1.171
1.043
2.440
4.242
1.426
1.247
1.278
13.218
1.312
4.678
59.189
643.446
2.827
1.531
3.067
35.659
1.373
7.096
14.767
5.958
2.538
2.432
1.060
1.138
1.215
2.130
3.452
4.330
3.926
1.625
2.768
2.070
4.427
4.835
1.270
1.239
1.958
1.619
32.476
24.871
1.324
3.575
2.447
1.603
2.067
1.231
16.242
6.670
1.732
1.620
16.460
5.763
1.976
3.347
1.938
11.703
1.071
1.260
2.034
69.065
2.585
1.079
2.777
1.383
1.906
6.465
1.557
17.538
2.604
111.335
1.682
3.019
2.271
1.159
1.631
12.533
1.090
1.170
5.898
6.318
2.727
1.706
2.234
1.506
1.626
1.280
30.129
9.098
3.532
23.633
1.009
1.003
1.239
9.290
1.139
1.409
1.055
1.106
2.586
1.245
3.115
1.367
29.956
2.856
8.670
1.210
1.365
1.869
2.430
6.469
3.254
1.765
5.039
5.423
2.649
53.822
4.857
2.818
4.918
1.243
1.789
1.206
1.723
4.451
2.283
1.923
1.283
1.065
2.051
1.099
3.033
2.548
5.840
1.103
1.875
1.849
1.458
3.666
4.884
1.827
15.924
1.017
2.423
7.860
3.331
3.446
1.773
2.026
7.131
1.124
29.830
1.347
26.453
3.207
6.053
1.061
3.054
1.131
3.115
1.317
13.807
1.048
1.309
3.585
98.226
2.426
1.358
1.075
12.233
1.345
1.297
1.335
1.219
8.134
23.105
1.202
1.428
37.637
1.900
5.270
8.586
1.748
2.386
1.057
2.776
1.157
1.444
6.371
3.893
4.217
2.427
2.010
6.610
1.376
3.506
184.947
1.238
7.768
5.354
1.736
2.841
2.636
2.051
1.377
2.121
2.409
4.956
1.451
1.231
3.829
3.339
7.811
1.167
17.744
2.127
1.195
3.832
4.609
2.016
5.368
1.011
1.222
1.269
1.158
1.115
39.371
6.475
1.199
1.079
1.298
1.346
2.689
25.742
2.655
165.033
1.648
2.571
23.781
2.900
3.760
1.611
1.033
1.226
3.104
1.155
2.637
8.391
4.296
3.602
1.393
1.258
1.273
1.165
3.268
1.006
1.061
2.227
18.944
2.162
1.150
1.294
2.606
1.258
2.296
4.658
23.155
3.307
31.618
26.012
6543.380
1.183
1.489
5.387
1.703
76.118
2.479
2.384
1.324
1.377
1.076
1.002
2.983
2.189
1.421
1.257
3.355
1.436
5.720
2.060
4.828
3.477
3.376
3.220
1.423
1.981
81.455
1.640
3.825
1.014
5.370
1.856
1.680
12.246
9.162
14.519
7.331
2.066
1.426
27.750
19.258
13.412
1.092
2.095
1.248
4.521
1.139
1.872
2.317
1.194
1.814
141.838
3.280
1.098
1.421
1.689
18.403
1.286
1.019
2.521
63.969
9.688
2.710
15.379
5.521
1.673
1.110
3.189
1.023
1.545
11.678
1.145
1.095
1.368
1.169
3.158
1.300
1.857
1.029
1.045
5.354
5.240
1.065
1.163
5.457
40.385
1.228
1.480
2.120
1.831
1.021
49.102
4.139
2.752
16.697
2.019
5.664
2.462
1.837
1.004
1.981
1.579
1.091
1.279
1.728
1.101
26.019
1.431
1.494
1.002
3.484
1.936
1.283
1.761
1.376
3.033
3.217
1.781
1.371
1.573
5.448
9.332
1.335
1.080
1.349
2.413
1.031
1.853
18.586
15.657
1.259
2.625
8.936
29.820
1.215
1.969
3.178
1.101
1.093
5.172
1.781
2.399
1.909
20.091
1.824
11.693
1.787
1.569
1.661
1.160
7.119
698.167
1.016
30.312
1.315
3.322
2.112
5.332
1.249
1.074
1.374
1.238
1.134
1.128
1.872
4.013
4.401
3.106
1.124
