6.251
1.722
54.492
3.460
7.305
10.214
6.169
1.361
19.323
1.833
23.430
12.066
1.646
3.815
7.876
2.379
8.089
26.078
17.009
3.611
93.135
4.025
2.712
5.377
7.978
2.290
4.601
1.023
2.166
3.209
7.778
2.218
1.978
55.162
3.271
212.259
1.449
57.821
410.088
4.076
3.017
4.780
1.016
1011.411
213.749
2.831
7.777
6.043
4.742
2.219
1.409
1.408
1.003
2.509
12535.628
7.853
16.187
1.287
5.601
32.807
12.404
10.742
13.774
676.307
12.633
2.094
39.787
5.439
2.012
14.210
3.057
1.547
2.348
1.791
9.297
3.180
1.840
3.339
1.256
1.228
1.773
6.441
2.996
1.723
1.170
118.049
2.045
1.261
19.808
148.502
3.969
1.152
7.738
2.536
17.551
798.243
1.748
9.458
2.319
3.671
11.823
23.469
1.906
2.946
1.353
1.524
5.881
2.653
8.703
1.497
2.265
12221.545
267235754.804
297.007
23.428
13.001
1.706
7.575
16.204
3.242
6.684
4.214
3.100
65.948
1.053
79.476
13.654
19.656
67.949
416.778
1.960
2.415
27.160
7.951
4.476
9.003
1.111
1.622
2.129
2.233
1.159
19.206
14.678
2.343
1.947
106.846
4.660
5.508
18.923
3.675
1.114
10.207
13.051
1.031
1.388
1.067
2.074
9.722
2.503
2732.391
61.861
26.772
9.561
18.214
479.195
2.850
1.087
10.726
5.501
2.600
52.311
53.529
2.658
1.562
11.633
1.521
2.302
24.136
9.393
5.468
2.050
1.371
1.946
1.796
1.756
5.287
13.905
15.424
402.295
24.413
1.377
2.122
1.049
1.780
96.603
1.381
597432.133
4.270
53.989
2.430
10.984
10.481
2.866
1.346
1.369
4.635
66.122
117.962
6.092
7.746
26.408
2.454
1.103
2803.699
748372.855
6.907
3.911
1.929
1.441
1.169
12.069
2.892
1.837
3.585
5.315
1.052
3.946
14.697
4.910
1.094
6.561
10.343
1.441
1.459
3.696
31.866
1.161
6.370
3.938
1.017
2.211
18.172
9.138
21.189
91.454
2.567
2.887
2.283
4.048
1.376
8.660
4.972
3.531
4.199
7.350
5.877
4.650
175.879
1.750
1.542
3.604
171.223
1.177
1.010
1.580
1.400
1458.682
3.599
1.763
1.188
22.694
213.092
1.381
1.075
2.187
2.166
10.013
1.559
2.607
2.971
3.588
2.003
10.894
18.983
2.938
5.388
1.460
4.662
44.606
1.889
15.650
3.059
2.890
121.917
2.131
978.013
2469.922
2.157
3.199
1.200
2.079
24.793
1.088
69.056
4.751
42.236
9.572
1.587
7.914
1.436
3.316
34.399
1.630
2.096
39759.995
10.138
2784.446
8.539
1.452
1.221
2.016
56.759
6.602
7.281
1.267
2.310
4.873
440.468
1.711
6.169
4.251
3.988
3.139
4.301
2407.548
2.019
4.839
12.565
80.555
3.930
3484.059
1.973
1.264
1.393
1.991
36.930
2.268
83.168
4.539
1.466
194.207
77.271
8.701
4.290
187.119
1.097
11.846
1.045
38.881
5.607
1.690
26.660
30.103
247.967
1.239
7.422
1.170
2.132
1.541
11.731
7.707
37.945
33.032
4.548
29.174
1.280
22.465
265.689
28.370
4.297
1.278
2.346
5.571
596.669
20.363
2.243
122.963
3.239
21.851
2.899
996.539
5.446
11.689
27.684
2.965
1.170
1.553
3.986
10.985
2.830
15.280
832.155
1.521
19.627
2782.786
13.407
3.774
67.261
5.661
4.659
2.683
2.407
11.123
2.551
1.452
2.005
5.870
1.375
4.673
1.882
2.083
5.506
1.964
15.574
5.003
12.586
4.487
1.770
8.921
2.295
3.841
2.723
3.204
1.705
1.459
143.595
1.112
1.175
3.402
3.387
7.319
5.759
1.988
7.166
3.529
1.925
1.843
116.338
2.382
5.870
29.454
6.596
6.244
15.580
3.621
12.764
117.398
7.872
6162.664
1.020
1.100
5.438
10.776
4.416
1.516
26.630
49.651
3.841
2.673
3.224
1.750
1.207
3.058
43.674
3.665
44.472
1.121
10.527
1.718
15.025
7.745
19307.226
4.563
1.069
2.104
4560.988
1.277
1.617
1.339
1.723
119.555
2.300
330.960
7591.883
36.568
3.511
22.124
4.966
1.144
4.093
16.376
67.564
1.752
1.836
26.786
2.678
2.829
12.048
1.307
142559.647
6.161
2.910
1.880
1.751
12.329
9.763
3.164
1.524
1.208
5.849
2.112
2.262
5.982
31.515
3.856
2.413
1.032
20.048
3.730
2.173
140.857
29.540
6.917
2.914
2.040
1.784
14.210
1.007
1.145
2.701
7.252
1.024
1.435
8.046
4.593
25.208
8.232
4.837
72.360
21.959
2.732
15.018
1.670
1.491
1.982
4.177
2.194
1.880
1.153
4.242
21.975
54.555
11.649
16.942
1.583
2.875
6.793
4.467
4.560
6.135
1.774
33.065
18193.137
6.535
2.204
1441.249
2.175
2.209
1.266
1.222
1.941
17.337
2.148
2.393
1.496
13.058
4.015
2.311
1.724
44.503
13.918
36626.672
1.125
1.072
4.910
1.046
12.510
605.795
60.865
55.592
3.033
15.435
11.460
1.293
20.032
4.361
5.182
8.643
1.601
5.981
1.072
7.457
4.019
2.921
2.059
12.306
17.308
1.024
1.731
26.565
2.847
40.367
55306.521
10.176
1.628
7.669
4.459
2.006
2.157
11.038
4.038
1.179
144.558
1.978
89.191
9.412
3103.070
5.393
119.665
32.539
4539890.969
1.927
130.427
1.949
1.945
8.359
1.183
6.026
1.924
7.925
2.554
4.015
13.650
1109.733
1.061
3.786
2.010
6.456
8.486
1.783
2581.139
25.125
3.691
5.436
1.716
1.695
29.337
1178.193
2.641
57.480
2.228
2.253
6.374
1.228
1.523
3.718
10.094
3.907
3.013
31.737
16.122
29.305
22.266
1.890
5.953
1.038
2.721
1.504
4.294
1.471
1.458
5.861
1.615
1.419
8.442
6.948
1.407
1.204
1.080
1.222
2.226
31.837
7.203
7.997
1.729
8.952
2.205
1.054
5.496
5.579
64.455
1.532
12.423
4.537
2.290
7.105
1.136
269.538
79.478
18.542
2.110
29.440
43.459
1.065
7.321
1.728
3.270
2.191
6.740
3964.453
3.385
3.585
1.569
3.834
1.052
6.574
3.023
5.859
1.911
1.462
3.608
57.989
7069.896
52.166
1.831
9.028
9.894
1.064
1.927
20.481
2.245
1.003
1.753
52366.026
1.045
3.266
1.285
1.121
5.740
2.046
37.790
1.645
425.776
7.219
1.097
1.125
1.171
10.637
2.063
1.836
5.212
12.388
1.151
18.781
6.230
656.766
3.175
72.545
5.560
1.844
1.538
2.624
8.860
5.832
1.304
3689.974
3.132
1.750
3.263
1.544
280.640
3.342
798.636
1.157
1.840
1.270
5.923
1.149
1.706
1.039
4.969
1.278
141.074
1771.946
1.361
1.165
895.254
1.265
2.709
1.341
1.935
2.803
440984.019
1.319
2.732
48.467
23.866
354.580
5.609
24.674
1.425
7.589
4.659
4.380
9.750
6.097
4.315
3254.819
15.610
88.820
1.701
33.586
925.519
1.028
10.828
3.277
1.091
1.344
15.873
2.265
1.032
1.418
1.148
1.857
7.683
2.420
27.309
1.252
61.226
7.329
7.633
4.515
168.943
1.227
82.032
2.058
6.219
1.566
9.272
2.493
1.376
5307.731
1.488
73.780
5.751
1.724
21.830
7715.342
10.597
74.080
160.483
5.737
4.765
1.995
2.468
77.233
3.040
2.117
46.373
1.574
13.687
5.901
11.827
169.946
6.168
3.990
9.120
11.778
1.605
14.216
1.989
53.783
1032.934
24.981
1.482
2.757
1.392
7.165
5.532
153.979
2.451
5.291
801.395
9.303
1.605
2.814
3.724
1.633
2.745
37150.501
4.546
2.075
3.326
2.995
1.224
1.111
1.450
1.936
2.818
7.462
2.516
1.824
35.975
1945.011
34.384
34.715
1.854
43.325
6.335
110.520
2.531
19.601
1.408
29494.981
2.276
1.864
6.263
22.375
9.891
2.676
52.799
64.759
1.873
6.703
59.117
2.308
458.566
2.555
2.646
113.996
5.086
7.213
2.631
7.564
2.336
6.403
17.954
1.060
15.624
1.021
1.685
1.500
1.075
19.572
2.763
4.788
6.907
1.549
18.574
1.519
7.528
17.580
1.024
3.724
2.066
1.526
13.744
2.448
1.432
72.817
18.725
2.318
22.116
1.523
270.654
3.303
4.979
2.014
1.003
158.925
2.319
302.266
18.558
1.044
8.370
1.149
1.148
2.268
2.698
3.183
