1.149
1.713
1.289
2.473
43.603
3.014
2.924
1.369
1.587
13.245
22.041
1.840
1.220
1.028
2.363
1.086
21.760
6.915
4.608
1.833
3.881
2.862
1.979
3.122
4.112
1.543
5.237
55.219
1.085
306.266
10.132
4.583
11.432
1.229
1.361
59.183
1.006
2.140
3.574
45.692
4.145
1.548
1.040
21.538
40.049
1.270
1.739
3.563
50.402
3.468
1.929
1.215
4.370
1.091
2.246
1.088
2.025
30.070
2.818
1.630
1.382
1.086
2.774
2.040
22.066
1.108
1.405
1.039
10.787
9.584
9.858
2.693
1.113
3.853
1.365
1.722
3.312
1.478
3.152
1.607
1.856
13.757
1.039
2.471
1.445
1.439
1.155
1.057
2.586
1.371
1.090
1.614
10.053
3.964
1.302
3.251
3.682
1.036
1.081
172.184
1.169
1.323
20.070
1.168
2.855
1.002
1.354
1.484
1.982
3.705
12.404
1.107
1.013
3.697
1.259
1.668
6.376
1.180
1.566
6.305
4.066
2.644
2.492
2.051
4.720
1.756
20.937
1.176
1.471
3.095
6.332
6.352
1.171
1.105
5.359
8.187
6.807
1.654
1.075
133.327
1.649
1.501
2.715
4.482
2.619
34.390
1.003
1.767
197.724
2.005
2.563
5.403
8.066
1.606
1.498
1.326
4.770
1.481
2.547
4.340
1.207
1.005
4.032
3.651
2.265
1.311
2.798
1.726
5.280
7.898
1.726
5.325
1.226
2.299
2.999
7.395
12.544
1.405
2.531
4.727
2.653
1.415
22.455
1.408
1.158
3.982
1.026
1.377
1.339
1.500
9.141
2.561
1.283
1.797
1.658
5.197
1.113
5.608
3.038
1.088
4.351
2.948
1.305
1.723
3.627
1.135
1.768
1.193
1.795
1.275
2.165
5.958
9.048
1.466
3.106
9.253
2.831
2.615
2.065
10.326
45.582
4.442
3.093
2.427
9.938
5.177
2.435
8.358
10.054
2.950
1.417
1.005
22.298
17.538
2.430
1.073
1.458
1.238
1.738
3.367
1.442
2.206
8.481
1.193
114.996
1.721
2.481
4.086
1.411
1.052
6.749
15.301
1.738
1.157
1.526
3.199
4.269
2.553
10.960
2.399
5.302
1.369
154.679
3.770
4.468
1.271
1.197
4.908
3.406
1.093
1.034
2.698
6.434
24.955
1.042
18.378
1.085
1.799
1.479
1.186
1.554
1.058
1.227
1.675
1.899
1.023
1.479
6.095
1.522
2.167
7.528
1.060
10.745
9.570
4.172
8.880
1.119
1.462
1.585
18.554
4.189
27.679
1.536
1.318
2.015
5.364
6.789
1.023
1.361
4.492
1.518
1.159
1.003
7.954
11.141
3.050
1.462
2.717
1.204
1.123
4.164
4.867
5.816
5.850
6.634
1.130
1.629
1.075
2.973
3.461
3.291
6.901
1.676
3.778
2.991
2.557
1.226
1.917
75.400
1.325
3.627
1.188
3.765
4.077
17.883
2.655
2.002
11.290
1.194
4.660
10.065
1.211
2.405
6.509
1.213
2.494
5.228
1.461
15.965
10.862
1.439
1.078
1.889
20.042
1.939
5.271
1.534
1.857
1.134
5.198
1.019
2.737
11.708
1.597
2.811
2.887
10.680
1.024
1.624
1.146
1.241
2.576
3.700
1.314
2.744
1.694
2.516
2.403
1.841
3.155
105.342
1.470
1.357
2.323
1.269
4.152
3.418
1.396
1.115
1.577
1.047
2.376
2.482
4.869
1.557
4.088
1.981
1.273
7.749
1.285
2.479
1.534
1.934
1.520
2.325
1.700
3.937
1.184
20.852
3.767
1.302
1.866
1.113
1.323
2.280
2.881
2.210
6.505
5.445
2.965
1.092
1.738
8.133
2.809
21.063
1.235
2.261
1.910
1.464
1.759
1.590
4.436
1.665
2.971
2.570
4.110
1.089
3.288
6.954
2.927
1.111
56.204
2.296
2.164
2.040
2.462
2.939
2.461
3.704
5.178
5.986
2.539
28.083
7.046
1.124
2.290
1.402
1.711
10.539
4.034
3.009
1.999
5.275
49.633
5.095
1.375
4.503
4.131
1.770
5.189
1.977
2.801
3.963
1.798
2.168
277.188
1.472
8.944
2.731
2.658
1.178
2.419
4.582
2.736
3.079
5.813
3.069
3.882
8.380
4.668
2.554
9.211
1.066
1.253
1.039
1.673
3.264
1.628
1.163
1.544
4.459
29.090
2.048
1.587
1.525
2.095
1.902
1.353
1.440
1.204
1.695
2.619
1.091
1.097
6.110
4.369
1.357
1.846
8.399
2.849
1.258
1.079
3.349
1.041
1.385
1.380
1.613
5.562
3.947
3.164
3.176
186.547
1.079
12.396
1.349
8.669
10.056
94.958
1.384
11.134
3.038
1.312
1.808
1.457
2.278
1.528
1.801
2.938
1.010
3.088
1.921
5.717
1.957
1.199
13.232
1.540
3.366
2.469
37.177
24.064
5.166
2.375
2.463
1.288
1.322
1.097
3.234
1.311
3.689
1.475
1.337
1.246
1.654
1.450
2.532
9.442
13.515
2.253
49.837
4.508
1.831
55.350
1.205
3.495
1.160
1.929
1.272
1.142
1.046
4.979
2.416
1.376
1.865
4.351
1.518
33.704
1.337
6.835
79.178
1.547
2.049
1.192
13.195
2.391
1.257
4.697
2.319
8.753
2.652
1.082
54.314
1.357
3.850
2.271
151.774
4.395
1.168
1.519
1.602
1.026
1.815
7.226
81.751
1.134
11.001
349.229
1.729
6.966
30.136
2.583
2.379
1.583
1.431
2.199
1.098
1.942
1.471
1.563
5.352
1.715
2.494
2.059
1.941
1.469
1.629
1.287
1.002
8.192
1.537
4.418
4.555
1.220
1.298
10.663
2.062
1.776
1.050
1.075
3.871
3.280
1.462
1.231
10.620
1.184
6.271
5.695
1.235
2.501
5.019
1.538
2.795
1.256
1.514
1.138
1.506
3.186
1.594
1.021
2.145
1.381
1.254
1.612
2.063
1.100
7.225
1.030
8.331
2.599
3.154
1.237
1.232
30.635
1.019
1.001
2.287
2.958
1.553
2.128
1.612
1.074
1.436
1.114
18.803
1.246
3.791
1.778
8.832
1.376
2.466
1.735
3.116
3.579
1.181
11.013
1.346
2.090
2.371
3.329
7.818
1.663
10.307
8.779
2.074
33.702
1.631
15.684
2.579
8.484
1.091
1.249
1.248
1.076
7.050
1.474
1.029
1.388
2.109
2.250
3.886
3.953
5.549
8.307
1.032
2.631
3.486
1.279
1.037
1.085
3.343
1.184
10.336
1.554
5.051
1.157
2.250
1.158
1.322
12.749
10.503
1.138
4.779
6.602
3.676
4.327
6.370
1.199
2.127
10.985
3.028
1.043
1.148
1.134
1.743
5.008
5.540
1.346
1.742
3.765
9.738
2.008
3.728
123.195
3.209
1.983
1.256
9.446
3.057
1.637
1.254
1.708
3.099
4.684
1.712
2.227
3.027
26.833
1.149
6.481
2.323
1.397
10.427
1.401
3.967
3.373
36.134
2.291
1.141
4.876
2.614
1.626
3.459
8.547
14.594
1.297
5.816
5.975
1.474
2.325
2.079
1.888
6.139
7.034
1.033
2.245
1.376
1.530
1.003
1.207
1.109
1.868
1.303
39.219
1.483
3.359
4.508
3.552
1.306
1.410
50.330
1.836
3.305
3.649
1.191
2.616
2.085
2.380
2.471
3.725
13.195
3.585
6.695
1.299
2.285
1.461
4.275
10.966
1.763
6.368
1.602
1.299
3.700
18.481
32.873
1.674
6.423
2.575
2.139
2.294
1.690
4.323
1.083
8.586
1.678
1.013
3.340
85.999
2.316
98.047
1.125
1.166
1.542
10.956
5.842
1.239
1.633
1.448
1.245
10.440
5.181
2.803
1.116
1.225
2.323
3.467
1.287
2.176
1.776
1.259
1.165
1.300
1.227
12.501
2.737
13.397
1.976
52.664
2.412
5.202
4.409
9.113
1.365
1.160
2.960
2.084
1.775
1.640
8.753
3.068
56.874
1.439
1.409
37.370
1.304
1.898
2.435
1.902
1.738
3.051
2.218
1.221
7.137
17.959
2.506
5.338
2.961
9.314
1.209
1.047
2.535
1.265
6.362
3.191
1.461
91.438
8.677
1.665
1.064
3.185
1.306
1.390
1.508
5.954
1.026
1.063
1.193
1.099
1.208
1.334
4.573
16.691
3.295
11.692
4.102
1.812
35.732
1.123
94.960
2.514
1.533
4.528
1.026
5.490
1.168
2.655
1.044
1.418
1.443
9.755
6.425
1.364
1.053
1.368
1.393
1.128
8.195
4.763
2.242
1.244
1.296
1.172
