1.314
1.200
1.053
1.228
2.039
2.632
1.982
5.483
2.049
8.236
2.014
1.851
2.642
2.738
16.568
2.616
3.232
3.013
1.324
3.758
1.069
1.919
4.920
1.867
1.867
1.336
9.354
1.777
4.510
9.619
1.290
1.411
1.618
1.879
1.150
1.962
1.470
1.809
1.120
1.069
65.726
2.069
3.223
3.115
1.967
1.300
2.022
25.483
1.160
1.362
1.067
1.555
1.229
75.501
4.911
34.538
2.830
1.104
1.403
1.098
3.385
1.458
10.584
3.956
1.927
5.518
2.066
4.557
1.036
5.251
3.503
1.119
1.007
121.774
6.473
1.060
3.122
2.812
61.750
3.262
3.283
1.080
1.057
2.841
1.093
1.020
1.033
1.918
2.546
1.284
1.167
8.584
1.414
7.512
2.474
1.143
1.707
1.646
54.097
4.550
1.633
5.011
9.026
1.746
3.500
2.345
12.051
1.718
1.461
2.596
2.506
1.390
11.869
5.421
1.674
6.696
2.954
1.843
1.313
1.431
2.374
6.198
1.402
5.385
4.308
5.031
6.570
8.695
2.118
4.269
74.231
38.428
6.736
1.883
1.141
1.212
2.664
2.741
10.124
1.243
8.537
5.300
13.185
1.520
120.956
2.943
2.941
5.269
4.062
1.125
6.895
1.140
1.570
1.473
1.979
1.214
1.046
3.488
3.051
2.891
4.054
1.099
1.205
2.930
1.117
5.299
1.387
4.001
1.013
4.146
10.156
4.314
1.460
2.684
29.018
26.828
1.900
1.609
1.264
7.983
1.690
3.829
24.012
2.306
1.976
4.000
75.616
1.244
1.087
1.686
4.165
127.646
16.657
9.843
1.197
1.298
8.355
14.217
27.805
5.064
1.247
43.349
7.598
3.242
5.556
6.366
3.272
3.400
2.038
1.291
15.626
6.227
7.663
4.911
2.599
8.660
6.069
1.198
1.299
8.596
1.821
5.323
1.934
93.771
2.439
1.968
8.926
2.331
1.053
294.902
24.920
1.111
79.881
6.893
1.420
1.400
1.056
20.296
1.226
4.502
2.381
2.404
1.102
1.199
1.239
1.028
4.568
6.302
4.423
1.125
21.065
1.612
2.414
6.285
2.524
2.625
16.998
1.717
2.741
3.259
4.432
5.036
2.108
1.632
1.016
1.693
12.849
27.116
3.288
1.291
1.030
1.695
16.844
1.952
5.472
10.385
1.468
20.008
2.839
13.352
2.157
1.072
17.310
1.761
2.121
2.591
1.423
3.897
9.221
12.032
3.968
1.322
1.678
2.053
1.458
2.550
1.782
2.115
5.462
3.601
1.099
9.815
1.060
4.929
1.804
2.884
1.862
3.584
2.616
3.255
1.157
152.361
1.529
2.600
2.997
1.335
11.192
3.592
3.194
2.865
20.425
73.216
164.451
1.207
45.100
47.388
55.053
1.332
1.525
2.007
1.173
5.477
1.366
1.238
2.515
94.697
4.738
3.288
5.999
1.368
1.036
2.340
1.397
2.769
17.405
8.378
1.447
2.763
1.005
3.657
3.371
7.922
1.327
8.533
2.398
1.912
2.273
9.612
4.177
1.763
255.284
1.058
7.531
1.028
228.346
96.451
166.547
3.124
2.186
58.376
1.088
10.959
2.159
1.494
3.447
4.907
7.941
28.216
46.185
4.354
1.056
1.200
1.303
1.253
8.764
2.132
1.736
1.200
144.820
1.106
1.016
1.574
2.221
14.662
5.700
8.635
5.492
1.245
127.470
1.724
4.599
33.480
5.939
26.532
1.718
2.537
21.999
1.548
38.342
2.927
2.275
2.405
1.513
11.937
2.053
1.197
355.135
2.640
4.159
1.219
13022.314
35.559
3.292
5.367
56.173
1.188
1.046
1.370
1.642
1.318
4.591
28.102
41.269
1.163
2.903
3.783
1.172
43.477
1.162
1.717
4.710
2.835
1.605
1.458
2.695
8.355
2.764
1.323
1.919
1.568
9.906
1.301
2.444
18.156
4.664
1.795
1.035
10.844
34.416
4.969
1.810
1.457
4.658
1.360
1.782
5.116
44.412
3.621
2.381
12.273
2.718
13.966
5.413
5.989
1.792
2.118
2.481
6.862
31.579
5.607
1.660
5.800
2.500
1.050
1.746
25.698
4.813
3.859
2.123
2.585
1.559
5.296
1.180
2.633
14.800
1.581
2.909
2.758
2.175
2.025
1.524
3.749
12.886
3.828
1.102
1.033
13.613
2.333
1.138
4.138
5.444
12.139
2.999
10510.304
27.827
2.105
8.583
1.391
5.228
657.844
1.290
6.834
22.732
1.150
1.238
73.854
3.398
1.602
1.678
2.342
2.164
8.972
259.632
1.076
1.377
1.009
1.618
2.219
49.868
6.747
3.043
2.758
2.009
1.415
2.156
1.011
1.102
1.987
2.161
2.394
1.868
1.179
2.829
1.980
2.471
1.054
11.841
4.508
1.231
1.403
3.197
1.025
2.060
2.484
10.500
1.146
5.246
1.613
12.584
4.690
2.578
6.169
1.209
6.654
1.312
1.139
2.277
2.554
2.268
2.183
12.463
3.344
1.286
3.159
1.363
1.333
1.020
5.244
4.377
5.017
2.300
5.189
1.556
1.028
1.010
1.622
4.060
3.651
3.220
1.323
34.186
4.878
1.288
3.340
14.293
1.372
1.790
1.345
6.251
1.944
2.099
3.465
1.879
4.614
1.152
2.724
13.075
1.127
3.974
1.684
79.042
1.514
3.599
5.249
1.109
3.227
4.280
4.280
2.654
33.895
3.706
22.152
1.504
16.640
5.761
1.102
1.539
1.180
4.193
3.778
4.067
2.663
1.304
1.727
1.004
1.038
731.468
1.175
90.823
1.012
1.537
122.358
2.605
202.721
2.056
10.861
4.619
88.641
3.283
3.974
15.158
1.095
6.854
3.004
5.013
2.363
6.836
1.496
2.050
5.530
2.975
4.433
6.945
1.929
1.592
84.786
2.006
1.446
3.849
1.012
32.932
1.283
1.224
1.859
30.578
2.914
6.822
2.692
1.976
3.275
4.654
3.072
33.008
21.289
4.932
5.699
4.593
1.160
1.982
8.688
4.428
3.633
58.748
2.956
1.114
5.337
15.562
1.049
3.622
1.197
9.335
2.276
149.833
1.258
1.686
12.950
4.664
1.686
3.225
7.944
1.459
1.884
57.499
4.177
6.482
1.008
3.967
6.880
10.797
3.891
1.076
1234.198
1.439
9.288
1.212
1.048
2.042
2.967
1.430
1.414
10.485
10.701
2.621
3.935
2.913
2.784
1.774
1.086
21.452
6.462
4.259
1.089
4.125
2.642
2.064
6.410
2.966
3.006
1.313
1.611
3.706
1.521
1.082
5.179
2.060
4.174
1.853
1.357
15.149
4.956
1.068
1.547
6.129
19.256
2.596
2.255
1.643
2.996
1.013
3.554
1.473
2.518
3.858
1.412
1.369
9.158
2.739
16.497
1.206
1.005
1.179
7.135
8.326
1.417
3.406
1.571
1.841
2.042
1.271
1.019
1.396
28.532
1.450
2.283
1.220
1.077
3.702
4.114
1.785
4.648
1.862
11.074
1.085
7.784
1.175
3.340
5.200
17.723
1.567
1.962
19.994
1.754
2.024
2.877
13.646
109.022
1.757
5.296
12.114
2.114
3.649
3.134
2.519
2.438
1.686
3.265
19.314
57.588
2.714
3.001
1.404
2.217
1.274
1.370
4.107
4.851
1.165
1.471
1.231
3.546
1.390
4.157
1.367
1.058
1.252
1.576
1.058
4.525
1.017
1.440
1.080
2.131
26.045
382.029
81.103
4.066
1.607
1.589
30.252
43.555
2.728
2.902
1.893
2.045
2.100
10.478
13.520
1.774
1.048
1.819
1.550
5.775
10.561
3.113
2.051
2.417
2.683
2.254
3.336
8.660
1.088
34.454
2.587
5.356
10.737
4.664
1.966
113.177
1249.945
1.281
1.014
1.008
1.791
1.044
1.197
1.664
3.037
1.226
2.377
1.027
1.063
1.918
82.370
1.392
1.108
1.135
2.939
5.811
1.260
1.031
3.067
2.938
29.622
2.795
1.008
1.304
3.913
82.087
1.063
1.420
2.678
1.252
1.454
2.764
1.191
4.097
65.771
1.366
1.120
1.639
1.232
1.673
1.000
2.890
5.545
1.094
1.002
1.033
4.021
17.625
7.248
1.677
3.482
1.483
2.314
184.436
11.098
1.035
1.494
5.916
12.151
3.354
1.698
6.707
1.730
3.685
1.767
1.703
1.159
8.722
1.158
1.573
2.923
6.126
28.937
1.383
2.424
2.638
1.266
2.387
4.163
4.573
3.305
3.376
1.029
3.281
2.221
5.008
1.174
2.814
1.422
10.619
2.621
1.345
8.986
1.511
1.498
6.143
1.273
1.380
