4.134
2.736
32.906
1.711
2.491
1.075
2.600
1.013
4.292
2.060
2.700
1.093
1.272
2.797
1.292
1.101
1.180
1.260
4.684
7.502
3.001
2.447
1.933
24.576
1.180
16.914
1.293
106.305
18.031
9.971
1.874
2.379
2302.780
1.543
76.522
2.417
1.643
4.855
1.932
1.284
28.608
2.877
4.850
45.572
5.383
4.139
1.055
5.135
1.919
1.180
3.438
6.787
100.747
2.722
102.339
10.138
2.601
54.260
82.006
6.765
1.641
1.235
1.132
1.102
4.082
1.374
2.499
3.622
2.108
6.603
1.441
20.616
3.639
29823.465
5.994
6.157
5.887
1.831
11.760
3.624
11.266
1.733
1.330
1.082
1.812
1.083
1.246
1.563
1.302
1.990
126.568
3.350
1.728
4.530
4.651
2.241
5.855
2.251
1.559
5.764
2.091
6.176
3.681
7.063
2.106
15.681
1.295
2.326
1.865
2.282
1.014
21.019
314.569
2.138
2.214
17.582
9.414
2.820
2.267
1.659
10.627
2.622
20.034
1.179
1.057
2.428
4.115
2.967
1.671
2.825
2.325
2.219
1.178
2.391
2.179
1.606
67.402
1.836
3.142
4.035
1.153
1.914
2.441
7.985
1.807
2.239
1.916
3.635
43.391
1.300
2.343
1.870
19.546
2.134
661.485
2.944
2.685
1.928
2.863
1.314
1.529
2.740
43.756
4.358
3.925
14.290
137.214
1.437
1.377
1.018
1.017
3.054
2.055
2.848
4.633
8.771
1.364
1.884
1.286
1.998
2.721
24.863
3.656
1.953
9.554
1.723
1.090
4.298
3.131
2.185
1.074
1.532
1.639
1.793
2.071
2.410
3.055
6.848
3.487
3.070
3.176
9.809
1.837
1.787
1.815
2.910
2.323
2.459
1.241
3.357
2.385
3.585
12.014
5.011
1.724
4.131
1.188
1.942
1.491
4.053
3.194
5.794
125.301
1.152
1.614
2.904
1.274
6.743
3.976
57.883
1.436
4.170
1.294
1.604
6.836
1.166
2.853
1.497
1.735
7.229
3.337
25.193
1.523
2.170
11.258
57.038
3.596
1.619
25.560
1.590
3.511
1.614
8.380
1.408
12.667
240.786
13.637
1.424
1.230
1.151
1.046
1.003
1.118
8.904
3.186
8.620
1.703
3.482
1.269
9.921
1.079
1.083
2.889
1.344
24.233
1.114
1.308
2.169
42.057
1.245
15280.343
2.489
29.408
9.489
1.158
31.015
1.194
23.413
5.688
2.675
65.257
16.025
1.456
60.467
8.536
1.088
1.422
7.284
1.961
1.880
1.257
1.169
10.000
1.910
1.798
1.020
1.349
1.071
2.102
4.098
1.648
1.184
5.425
1.603
7.540
1.847
20.926
5.553
1.300
2.005
2.031
1.063
6.252
1.665
4.616
1.206
5.939
1.322
32.999
73.561
4.389
2.539
5.074
3.903
6.893
1.311
1.362
1.632
1.249
2.544
7.685
1.722
1.739
1.279
24.279
9.985
1.822
2.380
1.532
134.966
5.530
4.881
8.439
1.374
2.555
1.366
9.171
3.807
2.249
6.585
3.986
1.733
5.625
2.292
1.429
1.296
1.294
5.246
2.490
1.960
1.207
58.911
1.760
475.327
2.772
5.808
1.165
8.525
2.770
1.225
1.122
1.077
5.311
1.323
4.875
1.008
44.455
24.227
1.888
14.661
1.097
6.457
1.772
1.533
72.431
1.758
1.461
2.455
8.846
1.756
1.117
3.350
7.430
3.523
2.496
1.150
2.528
6.124
10.718
1.031
1.416
5.668
1.914
2.205
14.663
1.160
1.725
1.087
1.102
2.432
1.003
11.654
63.639
4.075
4.797
9.461
7.092
4.060
1.017
2.015
2.255
15.636
6.330
1.542
35.615
1.494
44.786
2.881
1.168
2.910
2.555
10.998
13.718
7.692
5.352
3.634
6.612
2.228
2.486
700.228
2.051
11.994
3.209
1.497
116.220
8.339
41.710
1.107
5.770
1.259
3.916
1.830
11.146
4.990
1.454
15.585
1.309
1.044
1.872
11.263
4.605
1.138
9.008
3.720
1.193
1.257
2.260
1.867
1.429
31.343
7.051
2.567
1.950
1.419
12.851
1.048
1.531
5.577
42.728
1.454
1.988
1.350
1.113
2.521
1.971
1.551
2.003
1.592
2.215
12.681
40.379
1.925
5.068
5.145
3.205
1.158
3.057
1.888
28.305
1.362
8.681
7.382
5.649
2.308
46.692
1.285
6.462
9.835
1.209
1.055
1.037
1.505
1.983
1.611
1.802
1.562
1.586
1.052
24.072
8.335
19.574
1.793
1.838
1.562
2.795
1.987
1.465
2.753
1.326
9.774
4.813
4.383
5.625
1.205
6.621
3.147
1.320
1.594
1.167
1.153
1.064
13.338
1.450
1.212
37.266
3.531
6.709
40.378
4.860
10.742
2.679
9.924
3.467
1.501
1.178
2.940
1.110
1.284
2.013
2.677
5.315
2.263
5.146
2.834
11.215
13.214
1.759
1.188
5.223
1.758
1.046
1.135
1.550
2.503
1.514
4.429
1.018
19.484
27.226
5.250
3.069
3.171
1.426
1.025
1.786
2.621
1.298
3.401
4.016
4.358
12.872
1.449
9.168
1.171
353.442
13.937
14.316
11.976
1.851
1.974
3.512
1.753
32.971
1.146
1.175
2.970
2.003
2.184
2.550
4.224
3.968
2.040
9.861
1.660
1.156
3.354
3.274
4.072
4.568
5.836
2.536
7.300
8.216
21.954
1.353
2.728
3.010
2.272
1.795
7.731
1.493
1.567
8.877
48.461
1.403
2.043
1.408
2.452
1.688
1.112
11.541
1.882
111.798
1.291
1.423
8.502
2.262
2.272
3.948
32.907
198.972
30.177
3.067
2.759
2.501
3.319
5.385
2.766
1.125
152.118
19.851
1.025
2.057
2.841
4.237
63.308
3.106
1.396
1.182
3.275
3.262
1.593
5.933
5.676
1.286
6.802
2.552
1.721
1.670
14.369
1.134
5.887
1.152
8.357
1.278
1136.709
312.802
19.089
9.788
3.735
3.215
1.752
55.422
6.208
17.337
2.164
7.031
1.140
3.307
30.123
2.572
2.783
10.840
3.902
1.623
1.750
1.428
2.969
1.858
1.264
1.060
1.639
26.716
63.698
3.893
43.229
1.224
2.834
1.420
1.288
2.535
2.426
6.118
12.917
1.878
1.194
1.950
15.537
2.309
8.734
2.870
2.506
3.561
4.383
5.100
1.302
1.231
3.492
22.003
5.912
9.053
32.020
2.302
1.240
5.580
71.661
1.361
7.913
29.782
10.386
1.136
6.844
16.436
4.019
1.087
10.972
1.753
62.850
2.259
1.655
8.194
3.528
1.461
2.565
1.004
1.034
2.492
5.190
10.723
60.213
1.947
14.885
5.721
10.011
543.023
1.463
5.342
2.488
1.358
1.343
18.151
3.179
1.250
5.954
2.016
9.545
3.283
1.298
7.077
3.252
1.575
4.554
1.217
2.763
3.023
1.052
1.099
1.677
2.525
1.326
19.885
1.171
9.190
1.316
29.522
38.694
4.625
93.661
1.040
1.209
10.090
1.269
1.945
2.205
3.967
35.781
1.107
1.629
4.332
1.190
16.661
1.118
1.695
3.122
1.522
2.735
632.404
1.487
4.036
1.651
3.302
104.238
1.027
1.101
1.252
2.129
1.998
6.957
5.955
1.189
84.590
7.513
5.613
5.766
63.499
1.274
1.515
71.033
1.037
2.667
1.201
1.395
1.853
21.306
2.472
2.627
2.897
118.594
2.067
1.706
1.367
1.622
1.175
407.971
1.227
19.605
3.647
21.771
2.415
1.072
3.683
2.517
1.056
2.155
1.368
5.523
1.000
1.482
1.526
1.971
16.169
3.171
19.327
13.340
1.082
1.744
1.100
3.316
1.135
2.672
1.212
2.057
1.508
1.997
1.440
1.309
2.674
3.468
1.432
2.051
2.506
2.209
1.468
1.147
12.324
2.671
581.285
2.683
1.089
4.750
9.032
32.225
7.824
1.943
1.184
2.075
3.513
1.142
1.037
1.047
1.139
1.817
1.020
60.326
1.209
3.390
22.501
1046.987
5.081
2.523
1.709
2.446
1.268
1.178
1.614
2.029
1.950
18.408
2.933
1.040
1.360
34.704
10.790
1.587
4.692
2.132
2.693
8.684
1.703
2.815
39.280
1.236
1.101
5.261
1.039
35.250
8.472
2.835
1.649
1.797
1.319
1.061
1.047
1.297
1.207
2.020
1.157
2.764
1.211
2.622
4.378
1.027
8.320
2.094
1.526
73.672
25.392
1.272
7.102
83.271
1.748
13.710
1.306
4.092
1.881
1.395
241.836
21.206
4.865
2.936
