5.743
23.139
2.887
1.902
4.552
1.039
1.499
8577543.215
545.682
2.325
1.930
12.688
4.498
6.792
4966.817
23.702
8.477
1.041
34.624
18.401
12.027
1.804
10.595
3.615
5.728
3.335
2.745
6.665
144.354
3.068
3.947
1.943
2.453
1.189
5.970
20.164
14.729
1.672
1.512
4.745
2.765
15.096
2.925
1.624
23.727
16.359
228.750
2.121
165.252
24.268
51.659
5.630
41.149
1.145
23.192
12.105
4.844
39.867
1.573
61.425
20.046
5.725
11.702
367.546
2.671
1243.738
14.748
5.143
344.571
7.413
13.693
6.115
7.546
6.219
1.365
19483.048
3.601
2.737
487.315
13.950
1.253
32.933
11.536
2.128
1.189
77.854
1.071
3.569
1154.356
1.034
13.191
2.442
5.095
12.150
16.204
1.375
30.484
1.090
1.803
9.649
2.051
14.671
2.456
3.465
240.447
726.377
25.660
14.562
60.302
1.290
6.776
1.979
696.980
7.341
1.211
1.238
1.047
15.298
2.848
1.060
7.960
8.109
28.004
6.862
1.103
29.464
3.144
2.046
1.511
13.221
87357.100
279.976
10.252
3.956
9.916
1.272
1.616
42.918
14.568
1.292
1.020
10.030
41.741
4.063
3.125
3.269
560.949
8.057
361.786
1.663
4.060
18.157
11.416
8.103
18.479
2.057
17.470
4.792
1.116
4.557
3.861
6.412
1.441
382.379
1.046
802.296
227.158
2762.577
3.056
13.378
5.948
2.966
1.556
2.759
146.326
1.296
57.877
8.840
4.095
1.159
1.851
6.334
1.385
2.018
1.081
73.866
1.670
1.259
2.235
643.084
8.436
1.598
1.865
1.553
2.364
52.295
1.595
1.107
452.204
30.006
2389.169
18.178
1.305
344.626
414.653
1.826
1.202
10.224
2.482
1.058
6.857
1.104
2.733
2.283
76.312
441.190
52.347
2.106
4.917
1.784
3.061
9.374
438.505
1.930
26.895
4.070
64.123
2.793
4.560
1.631
35.179
34.367
1.947
5.808
132.661
2.626
2.568
1.654
1.126
3.558
10.327
26.482
1.024
87.941
1.808
1629.430
147.006
28.813
14.532
3.640
23.327
23.899
1394.117
13.871
1.026
192.374
45.392
2.473
1.418
5.040
4.839
225.545
1.893
1.141
2.034
30.166
6037.960
1.580
2.145
1.642
1.272
1.275
16.878
1.250
15.310
6.886
11.629
2448.681
1.070
35.930
45.425
15.473
2.234
3.205
1.284
1.473
3.838
15.069
152.606
3.167
4.184
3.922
143.611
6.242
3.831
1.441
11.097
15.788
3.295
9.976
268.519
1.366
2.686
1.056
73.388
1.339
1.256
46.327
57.913
27.477
2.017
2219.476
3.346
286.651
267.676
6.238
1.456
1.084
1.294
1.790
2.989
161.951
4231394.582
5.260
50.343
12.503
2.708
2.287
15.648
4.259
2.519
2.810
13.905
1.130
2.241
36.518
1.533
3.208
55.253
23.310
1343.722
2.285
18.330
3.158
4.755
1.040
3.478
2636.222
1.224
5.651
2.364
5.277
1.264
2.054
1.255
52.434
5.051
3007.741
4.937
3.179
411.170
2.719
87.668
39.192
7.067
1.006
111.034
1.402
13.265
3.633
1.648
6.357
1.848
12.966
61643.328
1.605
18.021
5.866
63.030
26.879
1.863
107.744
1.137
9.184
1.663
1.475
1.066
207.857
6.869
3.490
201.156
1.470
31.297
174.812
2.100
2.607
10.829
11.291
2.809
2.666
203.385
132.917
22.872
20629.716
2.195
2194.579
24.110
27.110
1.379
4.967
198.335
6.503
3.733
1417.653
2.061
92.882
9.208
9.269
10.264
1.490
4.349
47.623
505.413
34.313
1.027
1.642
4.329
10.771
1.169
1.022
1.139
12.201
2.977
2.321
2.123
1.662
1.314
6.037
4.426
4.542
5.699
4.839
4.756
3.965
28.912
2.345
1.540
1.435
1.007
2.000
52.742
15.639
1.334
27.912
1.395
4.797
1.084
1284.803
1.014
1.508
12.843
29.890
1.207
1.546
35.486
3.312
2.242
5.875
4.508
339.954
1.611
3.773
9.060
1.245
1.854
36.509
31.376
56.604
7.473
1.118
6.580
1.476
1.604
2.240
604.398
78.580
1.312
5.714
3.213
228.158
2.293
27.676
1.134
2.270
308.679
2.035
2.040
2.726
194.732
1.713
3.070
27.155
5.228
160.186
3.776
12.901
1.213
228479.624
1.328
1.973
2.327
33.024
13.138
2.280
1.509
2.084
17.316
10.716
1.232
1.991
2.763
2.834
39.730
3.974
1.360
17651.725
4.410
4.769
28.840
323.958
1.529
1.871
6.435
3.774
1.185
1.788
167.733
3.032
56.324
1.508
4.994
1.181
36.660
4.616
327.126
1.126
1.589
1.533
121.816
95.646
1.325
2.069
1.988
2.676
2.846
164.324
15.487
2.910
5.431
1.370
1.113
8.083
4.712
58.108
2.614
1.271
1.293
44.594
36.701
1.022
2.890
3106.422
2.277
1.478
1.798
1.260
1.747
2.161
24.698
1.116
2.065
1.628
19.330
2.116
21.708
15.118
31.475
1.518
19.541
1.788
1.103
642.151
366.052
1.661
11.957
1.555
1.054
19.650
7.122
33.398
117.312
2.627
5.035
1.478
1.772
1.213
2.696
14.422
1.578
27.906
5.590
202.487
133370.072
3.213
2.157
2.136
8.843
5.420
1.877
10423.758
13.235
365.410
2.793
50.022
1.663
6.327
19.199
1.913
3.375
36.636
55.208
4.120
1.037
1.753
381.878
35.256
21.514
10.541
2.121
1.162
2.794
3.756
6.430
17869.837
33.757
2.071
25.700
1.550
1.441
74.656
2.696
1.460
1.379
65.561
3.880
177.905
6.845
4.371
2.648
14.699
526.852
33.816
30.641
2.083
1.284
1.233
1.388
1.134
1399.839
5.532
7.659
5.479
1.114
4.591
286.592
1.467
7.630
4.400
659.101
3.555
1.264
1.758
2.271
2.452
4.556
2.202
59.823
1.052
43.573
3.249
16.963
1.587
68.315
39.960
42.804
1.282
2.194
2.078
36.341
1.456
2.901
21.226
2.352
114.468
1.256
3.184
5.905
1.189
12.622
8.837
48.850
90.576
1.453
82.023
1.592
4.587
15.626
1.066
1.948
3.587
1.347
4.417
94.937
25.123
16.776
1.152
6.165
2.867
2.363
4.346
789.559
363.125
5.489
2.307
1.490
1.109
1.675
3.118
4.511
10.071
4.603
192.482
14.902
1756645.082
1.311
1.520
3.418
2.344
4.691
4.715
14.105
1.710
1.403
3.535
1.502
64.804
25.684
1.433
2.926
8.051
1.430
1.372
1.400
8.058
5.760
6.791
1.215
2.310
7.747
1.286
3.258
2.211
2.661
7.120
49.868
1.462
2.879
7.014
1.240
2.098
2.104
4.587
1.353
21.369
7.400
4.972
12.240
37.707
2.253
8.335
7.905
3.580
384.869
1.824
13.274
22.411
3.059
3.008
8.636
3.564
1.556
2.192
60.173
1.248
5.963
56428.409
113.430
2.288
7.575
1389.137
3.213
4.793
83.264
12.282
3.515
60.816
3.277
6.258
161.158
4.144
1.355
87.950
1.931
1.139
12.604
6.097
1.166
3.225
2.673
2.412
4.225
1.701
6.231
9.563
4.917
3.471
1.957
1.048
17.702
12.984
18.200
2.110
5.805
2.951
2.808
1.436
4.047
11.429
123690.809
4.429
1.151
14.382
5739.490
7.031
1.194
6.980
249.284
2.249
1.205
2112.557
102.649
37.106
1.210
10.094
2.882
401.226
9.941
1.214
2.878
79.002
2.055
2.455
39.327
269.907
21967.371
3.874
7126.306
3.009
1.764
21087.272
35.989
2.706
2.364
11.703
1.086
2.756
923.516
38.710
1.840
2.925
26.819
2.646
23.123
89.659
3.567
11.149
1.708
1.476
15.781
1.707
1.019
1.026
1.183
19.006
2.264
1.152
18.444
4.961
7.551
1.879
12.452
239.144
3.519
5.181
2010.458
13.696
1.472
5.716
5.582
1.569
8.174
1.337
6.236
3.294
1.155
1.139
5.124
1.859
3.001
8.257
16.501
10.859
1.029
2.368
1.454
6.398
2.504
24.113
4.037
1.366
1.098
12.591
48.796
414.985
24.559
67.367
2.582
2.319
3266.816
1.582
1.048
46.248
1.016
1286.770
23.302
2.702
27595.072
1.235
13.389
2.307
139.332
4542.583
2.106
503708.961
25.706
1.201
51.015
8.637
1.786
1.657
13.190
31705.618
2.144
50.059
1.310
1.730
7.857
18.343
1.610
51372.723
3.061
8.238
2.325
1.989
10.202
28.024
1.327
13.874
65.096
1.210
2.116
5.875
5.696
1.967
7.798
2.486
5.071
3.119
1.014
7.131
