42.929
2.044
498.937
1.013
1.412
1.402
1.252
1.399
22.064
1.386
7.953
1.533
6078.994
16.085
1.571
1.015
4.439
4.398
5.379
3.450
39.654
1.575
2.376
1.259
4.505
5.744
25.866
1.389
6.500
19.952
13.154
540.099
28.538
3.185
298.750
1.177
8.246
1.773
3.430
270.621
26.367
10.386
11.377
109.972
1.309
1.754
12.859
8.057
10.971
51.172
1.839
1.360
1.982
2.131
22.598
20.336
2.962
1.282
25.210
1.242
1.854
9.381
2.998
1.822
13.745
1.996
2.460
2.056
9.000
1.270
1.221
3.091
1.937
23.268
4.117
7.842
2.784
1.788
3.011
134.625
16.926
1.304
6.007
34.019
1.430
1.960
51.905
7.925
1140.947
446.738
1.420
2.125
1.404
1.201
50.361
10.991
2.289
2.556
2.444
88.497
1.701
1.373
1.129
9.686
8.625
6.352
1.299
28.447
1.591
146798.554
1.266
1.209
4.256
35.061
3.081
5.254
2.868
23.575
1.299
1.461
1.479
5.172
12.670
1.912
53.868
8.857
2.659
2.614
1.866
2.427
13.069
2.053
98.366
7.366
1.061
3.439
1.390
23.552
9.780
3.138
1.174
1.305
1.381
2.293
1.349
1.475
74.303
105.339
1.383
1.316
8.572
13.028
6.180
2.274
1.395
13.170
3.448
5.588
7.128
1.514
2.560
254.560
49.059
78.810
2895.394
63.737
2.072
17.684
2.068
2.141
7.571
27.570
4.792
2.626
4.495
1.129
24.139
74.970
36.804
8.670
1.058
3.861
1.196
1.183
3.347
2.964
1.265
3.414
136.013
4.288
23.518
2.467
2.766
8.586
3.621
3.968
4.152
4.739
4.179
3.424
1.125
1.517
27.835
2.005
6.009
4.756
46.378
2.931
360.899
5.446
2.814
1.794
1.030
5.825
18.301
3.629
4.412
469.468
138.803
10.343
16.179
100.366
2.509
9.385
2.725
35.809
1.125
79.798
46.225
1.057
6.334
13.750
1.505
1063.273
2.010
2.464
1.966
1.211
1.009
2.465
1.943
2.312
13.659
4.346
3.118
125.556
58.964
2533.520
195.747
2.557
14.017
1.707
1.129
1.741
13.650
2.676
12.604
1.424
3.126
9.478
19.039
1.467
3.495
131.172
11.303
3.084
1.386
1.148
2.571
4.392
3.043
1.142
3.015
23.132
1.260
1.292
7.440
10.080
1.097
9.867
2.647
1.729
12.419
47.587
319.074
1.175
2.151
25.401
12.752
2.018
2.504
2.282
1.958
4.144
2.362
1.829
1.321
1.591
1.061
9.602
1.168
6.109
1023.153
2.440
1.239
3.798
21.499
5.580
94.315
1.613
7.514
6.063
1.757
1.397
71.967
3.261
1.327
1.328
1.036
1.028
284.038
1.034
1.335
2.181
2.866
3.147
1.383
51.382
2.915
3569.017
2.709
1.838
203.702
2.663
20.036
1.539
1.552
15.875
1.409
45.949
2.319
6.555
3.242
32.834
4.327
5.136
28.802
2.848
16.382
3.196
58.378
2.342
18.802
59.738
13.137
1.034
4.632
1.394
36.108
2.079
1.465
17.876
5760.231
985.557
54.568
2.167
1.357
1.188
1.810
1.046
1111.905
5.235
7.171
1.110
1.339
1.036
1.102
6.694
63.184
6.075
5.909
58.126
2.348
1.308
114.025
2.507
1.105
5.313
43.958
7.461
9.137
1.127
79.996
1.587
2.386
1.334
1.030
2.911
1.299
43.391
926.740
240.461
20.118
5.416
28.532
9.820
2.591
2.226
1.103
913.667
5.655
1.434
22.943
8.041
3.531
2.132
10.064
13.707
1.354
11.312
1.188
5.150
129.979
3.548
4.400
2.370
1.238
1.003
2.354
2.876
2.501
6.687
4.611
42.069
16.517
1.985
14.734
1.817
2.132
2.839
198.312
633.087
7.668
1.143
118.997
1469.787
95023.644
7.358
28.766
1.749
3.161
1.211
2.503
4.454
5.516
3.573
1.337
187.554
7.723
3.603
50.590
5.478
1.464
1.012
3.542
1.247
1.376
1660.408
8.861
3.783
1.253
6.559
18.783
12.281
13.747
4.620
42.208
1.621
1.604
1.750
1.384
1.432
2.257
3.739
3.116
11.011
12.811
1.606
4.333
5.678
15.890
2.073
10.625
2.517
19.631
1.827
451141.827
2.277
21.113
95.648
4.447
3.670
2.686
3.840
8.183
4732.826
1.052
1.666
16.866
6.988
5.314
1.224
1.439
269.043
1.826
1.921
5.073
7.169
3.178
196.970
4.474
3.950
7.324
1.857
2.500
2.855
95.578
1.943
63.489
16.445
5.682
226.696
19.074
10.319
2.246
7.468
1.171
7.671
5.149
25.469
43.997
4.033
1.217
8.332
49.598
54.113
1.179
1.670
1.114
3.230
39.470
1.034
3.068
402.212
1.804
2.891
2.329
1.581
1.010
2.375
4039.408
308.287
161.460
44.941
2.039
1.163
1.139
18.699
11.889
1.112
46.668
49.767
12.783
2.629
125.886
1.634
1.150
2.265
1.178
1.175
1.779
8.569
3.873
7.649
1.517
2.004
115.488
1.209
10.798
2.861
1.113
13.549
1.129
2.489
1.411
6.142
8.739
147.461
3.395
3.596
2.098
1.326
51.086
5.980
1.107
1.088
14.264
62.565
14.604
335.180
1.408
3.717
314.000
2.024
3.804
1.611
3.211
1.260
1.682
5.448
2.231
9.775
1.141
141.936
415.169
2.104
37.937
7.380
94.146
3.382
1762.046
8.592
1.785
14.601
4.688
2735.390
2.078
39.173
2.177
7.037
2.278
13.171
42.979
3.208
2858.003
1.382
16.830
7.076
5.955
2.709
2.204
949.939
2.134
1.506
4.752
1.688
1.712
17.136
2.476
6.942
2.035
1.336
4.904
5.892
1.436
2.366
2.426
2635.015
12.279
8156.667
2.283
1.383
4.631
3.813
1.004
3.366
13.615
14.782
80.264
1.850
3.982
3.423
1.050
14.977
2.228
55.189
103.517
1.439
2.340
26.677
1.011
1.219
11.685
1.184
8.678
1.703
5.400
11.068
3.678
1.646
30.343
309.017
98.858
1.092
95.089
2.677
1.600
1.268
1.255
1901.348
17.453
9.030
1.810
35.889
1.988
287.897
55.711
6.015
26.704
1.402
1.070
7.936
1.095
18.692
1.221
1.027
2.673
1.378
1.851
4.071
183.826
1166.629
1.696
2.555
2.283
6.130
1.898
9.073
5.928
1.710
6.013
48.076
62.429
1.258
3.268
80.484
86.102
1.290
2.092
371.454
1.401
1.317
168.257
100.823
1.929
2.623
6.393
5.114
1530.191
2.369
14.591
3.087
56.172
1.135
1.094
14.499
3.180
6.464
1.143
1.747
1.489
10.129
8.748
1.344
2.439
11.487
1.153
1.197
6.189
1.130
1.441
4.369
1.016
3.949
14.149
2.461
1.529
1.397
20.787
17.390
9.132
6.445
2.259
3.902
2.875
4.856
1.409
1.156
1.627
2.030
1.276
1.009
2.326
1.814
1.068
102.204
26.004
2.340
2.278
16.415
8.015
3.998
17.775
23307.225
2.519
1.563
184.586
1.341
1.554
1.285
1.461
5.239
1.935
2.708
3.681
23.740
4.248
1.285
192.496
11.894
1.551
2.757
1.781
1.674
3.225
7.143
35.225
84.340
1.292
3.123
26.073
1.985
7.105
540.241
3.771
2.148
5.122
3.592
39.421
1.295
5.394
2.997
5.884
2.737
6.800
1.433
1.948
2.525
63.409
27193.982
4.367
18.253
1.247
2.556
7.751
6.043
1.678
3.301
34.924
2.534
7.429
4.013
20.672
16.326
58.718
1.069
23.644
133.732
24.223
1.282
16.946
9.356
5.610
4.068
15.535
13.249
145.936
2.178
1.338
1.254
71.399
5390.533
7.304
34.305
1.719
1.267
2.969
5.919
1.591
4.494
9.579
4.360
6.611
4.970
3.011
2.268
1.573
1.087
1.354
1.112
24.763
9.891
3.259
23.198
1.129
1.153
8.102
1.307
83.262
5.336
1.976
648.153
1.078
4.694
6.885
1.977
2.643
1.504
89.478
2.593
5.638
2.084
1.536
1.042
4.521
8.257
31.744
3.730
11.936
6.415
4.516
3.729
1.521
6.349
1.422
2.496
2.381
2.995
6.927
4.698
42.739
1.974
217.774
2754.843
1.517
1.490
13.816
17.802
2.208
20.768
1.969
4.972
21.566
1.451
1.511
1.881
42.697
1.399
3.191
2.997
6.370
12.104
1.582
2.094
29.720
2.027
17.346
1.002
130.457
1.967
1.968
13.163
7.358
3.437
5.003
3.087
1.079
577.848
3.167
1.755
1.216
2.847
13.012
1.059
3.393
6.472
1.059
3.015
1.255
1.375
