1.045
8.551
1.283
1.470
22.475
2.313
8.512
120.571
1.734
1.947
11.639
241.141
15.551
83.835
6.655
1.003
2.304
11.099
3.666
1.138
1.081
1.388
1.297
1.758
2.026
33.039
34.299
6.761
29.647
7316.647
1.249
16.250
1.251
1.338
41.657
1.483
14.525
11.763
2.639
161.205
78.201
3.042
1.795
23.425
2.893
2.689
1.538
9.263
1.480
2.338
8.680
18.410
1.001
7.619
1.217
18.161
64.875
1.554
1.768
8.340
10.707
8.918
1.098
56.751
3.484
2.113
35.098
1.118
132.497
1.784
1.059
1.576
41.007
1.072
2.599
222.119
2.175
160.615
1.792
3.236
1301.075
7.388
60.009
1.412
2.185
12.935
1.966
5.965
30.121
9.981
1.278
1.883
2.509
51.977
1.339
5.730
1.989
6.612
10.889
3.094
249.271
2.100
1.219
1.338
3.527
1.462
3.600
1.198
2.339
1.693
1.088
1.091
4460.564
1.477
2.272
2.206
6.225
1.225
1.516
3.105
46.747
1.952
1.165
7.539
2.874
2.460
7912.613
191.437
3.826
70.618
396.313
1.053
15.824
174.033
94.987
6.335
13.941
2.429
9.085
2.397
51.644
13.361
6.005
1.967
4.608
3.329
454362.856
1.073
6.434
1.116
3.864
4.653
1.457
7.873
8.146
524.754
1.900
605.831
1.457
1.091
1.902
1.055
2.119
2.374
1311.487
8.459
1.031
1.999
3.837
1.971
2.358
4.617
4.544
9.237
2.399
23.181
10.790
1.615
1496.455
171.887
6.809
1.609
3.713
1.418
1.374
1.278
2.073
18.615
22.301
1.591
1.688
5.653
1.926
1.201
2.364
1.120
2.521
6.035
2.288
32.866
120.314
155.270
3.729
1.352
1.625
3.343
1.114
2.790
5.182
8.390
1.300
2.329
1.301
4.769
1.739
90.497
397.268
6.579
8.844
9.816
11.654
1.894
1.688
3.639
67.093
26.548
167.138
7.219
1.217
1.361
81.051
1.947
1.029
1.865
6.914
1.017
13.965
13.342
1.459
7.718
51.786
1.682
8.785
1.062
2.510
6.817
1.870
1.213
1.071
6.981
2.097
3.679
66.684
4.594
2.301
1.047
7.945
1.245
2.746
1.018
4.558
112.295
2.085
20.590
1.002
1.323
3.425
161.355
11.102
1.226
1.166
125.419
6.358
12.486
5.115
4.677
40.006
22.934
5.150
10.837
13.019
1.117
40.153
51.461
46.477
4.409
9.164
1.530
41.117
2.121
16.492
4.739
99.666
2458.591
2.085
1.483
1.639
12.096
3.127
1.331
4.247
5.771
2.775
5.131
3.614
22.275
1.058
6.543
1.722
17.319
3.122
4.144
19.210
1.561
36.307
5.632
13.323
55.163
8.618
12855.228
34.286
1.627
36.859
12.630
1.769
3.843
1.327
2.009
1.446
595.316
2.821
1.025
47.777
5.779
6.198
1616.814
69.127
1.467
13.618
7.689
1.667
1.060
4.566
9.579
22.971
3.179
1.380
19.728
1.550
11.000
2.891
1.240
9.551
48.489
2.999
5.366
2.020
1.376
2.195
1.730
3.733
2.617
2.077
4.735
1.323
31.214
5.792
1.131
30.007
9.567
52.027
14.726
4.802
97.346
4.547
8.872
3.153
1.766
2.531
692.492
1.018
11.411
5225914.849
25.922
1.128
4.091
3.875
3.752
21.180
4.578
40.531
43.215
1.625
2.580
97.955
1.931
2.627
980.040
1.733
55.664
28.963
12.507
4.582
17.664
6.500
85.158
74.253
5.113
3.120
9.955
2.016
1.050
115.133
1.701
5.421
1.326
14.470
1.475
2.329
5.390
1.526
9.415
2.759
1.533
1085.713
2.095
1.440
3.367
2.218
843.863
9.292
2.414
3.394
2.670
21.079
10.499
1.783
29.646
1.588
10.078
3.690
1.659
2.074
1.729
1.259
3.698
3.657
3.993
271.011
9.922
145.776
2.975
4.378
49.206
2.050
516.694
2.791
1.326
29.177
2.610
3.472
133.588
3.249
1.036
3.108
1.769
10.991
3.347
3.718
3.573
61.661
2.321
1.543
4.022
4.612
1.076
2.899
1.412
4.630
2.056
1.504
269.431
8.995
1.300
1.445
69.548
1.855
12.632
2.193
1.125
4.741
24.231
1.714
3.563
2.340
14.747
1.162
6.590
1.870
28.057
4.995
65.471
2.053
7.140
1.013
8.953
40.796
343.883
1.909
5.341
5.358
39007.275
2.655
24.817
1.140
11.507
9.609
2.782
6.364
1.004
2.120
7.653
1.166
5.628
19.286
1.078
1.346
1.270
3.419
1.995
2.884
1.375
4.885
7.213
1.587
1.801
288.856
1.866
37.215
4.077
1.052
3.219
2661.659
101.276
9501.502
5.726
5.509
5.958
8.587
2.918
1.600
8.590
14.873
5.070
58.607
4.467
5.527
1.484
2.475
1.786
1.885
2.213
4.698
6.087
30.787
2.448
21.869
1.649
417.713
61.465
2.931
2.070
1.157
1.053
31.050
86.120
3.048
16.476
1.070
2.692
73.655
2315.722
3.335
8.035
1.009
4.113
4.770
1.411
1.115
276.368
41.550
86.081
28.604
6.835
3.708
1.824
11.123
20589.444
17.348
3.741
2.897
1.091
1.742
1.171
9.530
3.215
1.090
1.246
17.206
3.058
104.400
12.873
1.129
205.875
3.371
4.954
1.035
2.127
2.465
2.087
663.311
1.518
4.152
3.333
1.939
1.050
3.420
3.704
137.694
19.467
2.115
32.248
194.956
2.618
1.888
3.443
1.311
5.222
16.772
18.211
1.812
2.861
4.512
1.042
4.523
12.868
2930.707
1.973
1.131
48.780
2.146
4.666
2.704
63.863
1.111
6.622
9.896
66.704
7.274
16.830
10.186
1.131
8.216
1.144
1.070
1.592
1.105
131.485
18.347
15883.539
6.883
2.556
21.513
2.860
1.572
2.840
1.951
2.017
2.414
1.968
739.509
11.443
2.696
70.626
2.825
12.021
3.253
22.891
1.989
1196.994
13.169
8.637
1.367
2.086
1.548
1259.829
4.722
9.412
1.697
70.104
7.274
3.541
9.598
1.588
1.138
2.443
6.651
3.870
7.030
30399.975
15.758
1.112
1.513
5.776
3.216
1.097
10.377
2.035
2.376
40.056
1226.345
4.181
3.719
6.911
2.563
1.755
1.577
330.815
2.904
44026.540
1.113
5.547
1.806
3.482
3.463
3.569
4.242
3.148
2.392
5.569
1.726
15.608
1.149
1.852
10.579
2.688
1.740
18.539
12.377
5.690
2.481
2.423
2.093
4.014
1.892
24.346
3.854
12.198
22.768
69.526
29.510
1.341
4.837
1.658
5.577
75.665
1528.385
1.853
1.778
473.059
2.956
7.938
5.036
352.732
34.506
1.327
4.658
2.727
2.278
10.714
2.275
9.894
1.174
2.202
6.953
37.267
5.232
169.888
209.258
1.585
9.602
20.682
11.445
10.049
3762.200
3.082
1.276
796.834
3.838
10.803
8.582
1.174
1.272
1.976
3.994
16.544
5.691
1.009
2.331
17.384
18.045
3.708
15.572
1.629
1.026
149.811
1.277
5.317
159.664
1.778
3.420
184.407
629.179
1.492
2.635
1.069
21.135
549.873
1.274
11.439
1.837
1.059
1.630
7.245
3.340
5.103
40.991
17.802
2.340
20.510
66.663
12.333
1.444
3.476
1.099
3.593
1.108
3.471
7.122
2.618
4.068
4.616
2.197
1.461
2.712
1.712
7.466
3.897
7.529
97.576
65.468
16.798
5.195
2.327
5.756
9.200
2.514
10.735
7.829
146.937
7.339
38.285
53.394
1.348
1.773
11.627
289.410
1.948
6.029
11.779
298.989
5.160
1.062
590.801
1.072
1.413
4.344
1.126
1.723
2.216
45.415
3436.673
2.726
13.325
361.495
6.135
1.070
5.790
3.585
5.703
4.916
11.019
26.700
65.681
12.236
1.277
1.213
1.647
1.368
1.523
1.080
1.237
1.106
4.325
3.052
12.767
12.710
1.251
28.284
2.635
6.008
472.673
3.361
1.150
4.018
4.114
325.588
27.388
1.350
11.293
1.211
10.343
60.274
1.092
1.813
9.239
102.215
6.202
15.921
1.707
9.584
1.155
274.938
2.217
30.363
1.991
3.006
1.258
35.410
9.787
1.984
1.086
21.710
1.303
16.101
15.782
3.806
5.386
11.574
2.784
27.887
1.851
22.284
2.835
58.296
4.767
1.578
1.898
1.773
7.752
1.676
1.370
4.648
10.630
7.070
201.453
167.098
1.039
3.206
7.961
20.348
1.677
1.575
5.483
72.854
406.028
69.510
14.688
1.791
1.114
13.243
12.052
13.951
22.009
1.500
1.488
1059.480
4.691
1.446
6.177
