1.763
16.340
8.992
2.131
1.237
6.263
17.931
1.771
3.225
17.607
1.521
2.720
2.114
1.118
1.161
1.951
1.443
242.322
2.096
1.316
15.172
10.113
3.311
4.336
1.044
2.515
1.567
4.085
5.010
5.236
1.572
1.424
12.885
1.983
59.523
3.650
2.003
2.044
5.920
1.674
3.889
30.384
2.208
1.644
225.937
1.379
109.743
1.102
3.258
1.091
3.920
2.683
1.428
4.587
7.937
1.870
1.865
1.391
1.708
3.242
5.815
1056.545
2.338
1.594
1.859
6.422
1.474
7.288
2.971
2.770
1.512
1.472
1.084
6.840
15.594
1.643
1.244
1.232
10.672
7.869
1.294
3.393
1.165
14.108
19.672
1.909
1.059
130.946
37.503
2.454
1.446
1.080
2.176
2.513
6.328
6.314
1.644
2.051
12.691
1.501
2.723
3.127
2.365
1.227
1.592
23.664
1.189
7.533
3.981
1.015
4.615
1.699
3.434
1.968
1.427
1.914
1.184
2.631
1.118
6.154
2.206
2.956
1.183
11.276
1.924
1.847
5.522
2.687
1.001
20.364
1.266
1.593
9.222
1.915
1.123
2.730
9.228
28.673
1.228
227.502
1.277
7.551
2.040
3.527
2.636
4.669
8.132
55.285
2.208
6.315
1.327
1.120
44.405
163.126
16.414
301.042
1.021
2.990
3.295
12.015
5.619
5.040
1.329
4.118
1.438
5.060
1.406
1.462
1.730
2.463
5.745
16.597
1.769
4.003
2.649
1.265
1.710
17.532
1.654
9.036
1.081
7.869
5.245
4.755
4.693
1.462
2.023
1.477
4.548
1.476
1.227
3.659
2.029
4.714
1.114
2.742
3.519
1.935
2.367
2.473
3.082
6.680
1.036
1.102
2.343
1.420
2.494
1.514
4.617
2.971
1.020
15.138
1.037
6.739
2.127
54.403
11.237
1.635
1.524
35.689
9.805
1.455
1.797
4.845
26.796
1.440
1.975
1.714
1.391
1.186
1.145
3.524
1.041
2.002
1.549
4.454
2.274
12.582
1.073
9.612
2.910
1.593
1.316
1.006
2.073
2.827
1.024
2.336
70.607
26.144
2.189
4.372
8.012
3.185
3.822
1.062
3.333
7.743
1.856
2.933
7.048
2.416
5.289
1.545
12.457
1.452
5.143
2.033
1.630
4.513
1.071
5.005
6.788
1.784
89.761
4.171
4.849
4.906
3.919
1.042
5.579
2.278
6.917
108.592
19.032
10.025
2.373
2.695
1.945
171.062
2.772
2.022
2.501
7.690
7.794
1.046
1.328
90.571
18.546
1.302
2.046
1.485
2.636
1.085
1920.492
2.505
35.036
15.380
57.913
2.093
3.213
15.180
3.726
2.426
10.510
2.567
1.301
5.476
3.876
18.399
1.802
11.871
1.053
4.079
1.181
8.667
1.652
2.542
1.013
2.073
14.292
41.552
10.609
23.074
1.059
4.335
3.657
1.164
1.379
1.915
13.996
1.842
1.262
118.201
1.288
2.422
1.840
1.256
1.021
20.680
2.114
1.509
1.852
2.845
13.914
1.444
9.150
1.135
1.046
1.006
1.849
1.113
23.898
13.913
2.197
1.944
5.733
1.514
1.240
8.233
1.369
7.455
115.691
2.569
20.022
4.008
1.503
5.721
6.296
2.456
1.916
4.421
54.638
3.078
5.667
4.507
1.511
2.493
1.707
1.292
1.059
12.373
3.289
18.953
7.681
1.212
1.445
594.061
3.712
1.464
2.897
8.177
16.469
25.416
1.277
1.142
1.167
1.365
8.650
2.717
6.324
1.206
1.850
1.861
22.320
161.286
1.763
1.156
1.236
123.914
2284.968
3.468
1.353
15.431
37.473
1.079
26.027
2.976
2.260
32.600
1.918
2.911
13.803
1.317
1.818
3.919
3.633
2.566
1.146
9.366
2.081
12.127
1.055
1.640
1.177
17.778
1.151
1.825
4.378
1.547
3.626
3.923
1.712
4.409
15.298
116.260
1.541
13.421
6.153
1.638
1.047
2.407
1.525
6.343
1.092
8.073
1.817
46.798
1.795
1.420
1.585
2.892
1.395
1.052
1.475
5.216
10.847
1.789
9.293
5.088
2.418
7.549
1.392
2.395
9.011
1.430
2.168
2.677
70.744
1.049
41.687
1.891
4.973
1.570
1.693
52.365
1.166
12.440
2.903
2.926
1.100
45.017
242.734
2.770
1.243
2.736
1.393
1.523
6.175
3.675
3.760
1.047
34.798
2.319
40.858
32.856
1.036
5.556
1.187
16.390
2.937
5.562
24.000
1.314
1.503
1.027
8.385
2.030
1.064
15.069
1.363
1.625
1.585
12.574
17.992
5.167
14.068
1.683
18.871
1.004
39.796
1.638
1.200
8.434
1.821
2.485
2.544
2.518
5.578
47.681
2.194
4.038
1.057
5.466
2.914
5.513
8.363
2.914
1.117
4.408
86.389
2.810
1.357
1.178
3.053
1.431
5.271
4.886
1.026
3.843
1.085
1.494
3.168
1.806
2.633
10.664
15.198
2.607
1.850
1.062
15.208
2.903
306.665
1.079
32.044
1.069
14.703
1.296
1.213
11.257
2.071
1.346
1.189
6.436
1.344
7.384
7.198
2.075
1.323
4.230
10.050
2.111
1.704
8.000
27.267
1.376
1.705
3.715
1.170
1.915
2.714
1.897
119.182
20.282
1.609
6.739
1.827
1.125
1.012
1.285
2.310
1.337
2.348
2.695
1.355
3.567
25.475
2.048
1.695
12.956
5.003
6.268
101.516
1.478
2.157
1.198
1.410
9.348
35.839
2.340
2.940
1.564
14.454
7.171
1.013
2.736
1.997
337.042
1.388
1.929
5.273
19.475
4.365
5.501
1.605
89.379
1.022
1.897
10.535
4.164
1.969
10.215
111.395
5.120
1.043
3.706
5.847
17.688
114.527
1.207
1.547
154.532
9.268
1.529
1.253
2.972
4.209
1.074
25.094
14.105
1.312
1.529
5.408
1.587
1.398
1.074
1.777
1.434
1.875
3.408
19.503
2.874
1.336
4.274
1.421
1.020
6.513
1.471
1797.699
1.942
2.943
177.731
13.558
2.349
6.972
12.429
3.764
9.014
1.301
5.273
1.084
37.268
6.658
30.110
3.121
5.828
53.587
5.018
8.591
4.514
2.004
109.935
1.174
1.161
11.593
1.596
59.326
5.701
7.266
4.276
5.578
454.758
1.781
2.382
1.281
1.187
3.348
1.862
1.359
10.038
1.297
3.390
2.195
6.277
3.712
4.798
21.057
1.151
1.438
1.205
1.741
1.305
3.153
2.727
5.014
1.951
1.439
8.452
4.189
7.916
1.002
1.011
15.136
1.048
2.395
3.279
1.238
4.896
2.205
8.515
1.957
12.912
9.995
1.825
1.455
4.723
13.708
1.620
59924.423
7.767
11.523
8.451
1.766
1.485
1.202
2.281
1.123
1.520
45037.160
1.165
6.431
1.549
1.182
4.267
362.785
1.654
3.368
3.638
1.098
4.525
38.117
20.967
1.156
1.237
2.653
4.291
5.061
3.617
1.155
5.441
1.956
268.030
5.576
11.225
15.253
2.311
1.069
6.165
1.496
1.452
4.321
1.690
5.398
7.766
5.989
2.305
1.158
1.623
5.968
13.802
2.324
1.271
1.386
16.735
1.787
1.588
1.038
1.834
1.042
2.423
5.979
1.401
1.592
2.947
4.699
1.890
1.831
4.800
2.380
1.706
2.836
2.096
3.024
2.792
4.406
2.248
1.495
1.830
2.331
2.046
16.326
2.694
6.153
2.207
1.408
1.059
1.328
1.549
7.368
1.241
6.809
7.285
3.745
1.329
3.485
5.360
1.748
1.012
2.399
1.252
1.082
4.368
23.079
1.602
3.007
1.078
1.015
1.154
1.242
1.782
1.376
10.374
1.279
1.718
11.741
3.857
30.186
2.698
1275.376
61.074
2.656
7472.768
1.858
1.895
8.430
3.483
5.224
1.950
2.410
2.424
3.781
7.510
1.419
1.809
2.113
12.077
9.242
1.060
5.037
1.696
1.661
6.034
53.605
2.649
2.019
9.356
2.367
3.464
1.445
1.519
15670.716
3.073
1.367
1.149
1.320
1.168
1.482
1.542
36.025
3.085
1.814
1.850
8.403
4.129
132.501
1.806
3.433
15.917
1.234
2.495
1.337
1.178
1.099
3.615
8.040
17.393
4.564
1.556
2.347
2.053
6.599
3.226
3.800
1.246
1.344
1.611
1.452
1.014
1.422
2.616
6.253
11.053
13.267
11.703
2.923
1.239
1.111
1.110
5.636
1.493
1.793
1.679
7.997
1.123
1.216
140.691
7.823
1.168
1.379
942.709
1.617
1.041
1.710
1.576
2.773
1.409
1.760
1.996
1.352
1.695
