1.112
1.647
72.561
16.003
3.616
2.091
23.388
12.266
2.959
8.187
54.176
1.962
4.035
1.667
2.507
1.847
4.500
30.380
2.185
2.145
59.582
26.289
1.460
5.423
374.598
11.495
150.243
44.723
1.233
2.997
29.751
1.499
179.039
1.585
12.169
3.478
1.534
1.468
1.386
1.677
1.559
4.434
1.317
4.082
30.276
4.165
31.904
6.971
4.790
5.540
1.402
11.464
6.951
1.454
1.218
1.268
2.652
2.449
5.170
1.114
1.160
5.229
1.031
4.560
1.769
2.283
1.698
2.517
9.203
1.800
3.031
3.752
17.366
7.137
1.386
1.326
22.833
2.155
72.557
1.776
3.595
1.724
1.052
307.764
2.225
1446.082
2.121
3.474
1.054
3.579
1.874
1.438
4.652
2.233
12.313
1.150
265.548
12.276
3.953
3.708
1084.922
1.269
34.071
75.774
3.288
3.648
1.156
5.923
45.975
1.393
3.158
1.004
3.661
1.701
69.427
7.419
1.042
1.413
1.434
2.314
5.079
2.690
20.523
2.475
5.401
2.662
1.784
1.080
6.367
2.219
496.348
97.425
3.885
1493.290
14.629
1.801
15.582
6.172
1.144
2.110
1.495
54.537
5.835
1.924
2.295
8.951
1.811
10.377
1.965
1.727
1.951
2.834
3.936
3.789
57.506
1.773
3.150
2.391
3.665
1.363
1.560
1.777
1.289
8.372
184.406
2.221
1.433
1.396
12.576
13.014
8.103
7.917
1.700
1.218
1.999
1.011
11.182
3.197
2.200
1.005
1.053
4.365
1.606
10.048
1.881
1.558
1.570
2.612
10.124
8.232
17.512
4.069
5.259
4.736
1.656
2.685
9.620
1.301
29.035
1.797
1.493
1.174
4.196
56.567
1.949
3.020
4.036
1.230
22.015
90.132
2.911
1.049
393.901
2.760
9.029
4.650
2.155
2.011
1.724
1.049
2.706
2.354
12.811
5.610
6.792
1.505
1.505
2.075
11541.238
2.247
1.739
1.028
48.571
8.669
1.013
3.014
1.348
1.044
55.523
1.124
1.858
2.201
53.635
3.044
13.674
5.054
4.958
32.014
7.592
4.553
3.156
3.572
4.170
1.278
1.662
1.189
3.602
2.505
1.077
10.998
2.797
6.363
1.270
22.533
1.100
1.126
1.264
1.776
3.684
4.213
1.459
20.405
6.745
1.214
1.531
8.585
1.347
1.141
27.481
2.094
1.741
4.815
4.067
1.777
122.424
1.269
1.894
1.241
3.464
4.262
2.126
3.303
18.839
1.418
1.527
111.371
53.366
4.223
1.998
4.519
2.560
5.790
1.065
2.147
1.552
1.637
1.520
1.725
1.051
1.641
2.048
11.390
1.540
1.171
2.279
4.870
10.341
3.725
1.345
1.520
4.630
4.660
53.979
1.452
1.290
18.240
6.877
1.679
269.755
3.662
5.998
3.535
2.281
9.191
5.838
1.175
1.494
6.489
1.273
5.216
2.101
12.176
2.302
2.909
1483.635
1.153
1.319
1.103
71.259
34.189
5.626
54.996
1.088
1.397
33.734
2.120
3.724
1.014
4.195
656.894
6.990
2.704
32.903
1.445
31.127
19.503
1.029
1.631
3.553
3.350
2.658
4.320
5.304
2.151
3.324
1.151
3.891
12.618
2.195
1.607
8.970
1.052
8.272
2.187
1.383
1.616
1.331
1.225
4.088
3.559
2.002
2.508
2.529
1.512
9.844
2.089
1.143
1.125
1.679
1.347
5.804
3.331
1.447
6.349
5.222
1.582
4.804
11.310
1.830
3.969
2.732
2.073
22.304
10.480
1.328
130.894
1.039
1.147
3.061
1.469
5.947
1.306
5.141
23.225
3.190
1.281
4.444
7.731
1.788
1.816
2.312
2.779
1.077
1.390
1.705
3.456
1.080
275.962
6.649
1.668
1.968
2.650
1.587
2.250
1.132
34.555
1.344
2.427
1.327
98.274
7.845
1.240
16.026
1.314
1.310
1.066
3.240
7.076
1.285
3.131
4.044
4.157
1.043
1.196
1.086
13.626
5.775
1.584
6.528
2.441
1.709
1.541
5.433
1.000
5.157
1.019
5.449
17.257
1.560
1.586
1.533
2.004
6.484
3.351
1.225
3.622
1.427
3.250
7.858
1.249
1.012
1.725
7.896
1.048
3.427
1.204
2.996
3.845
4.344
5.891
5.031
2.548
6.074
3.556
5.724
1.453
2.162
3.195
23.571
1.035
1.722
1.690
4.809
24.170
2.189
1.088
1.354
4.390
1.080
2.632
2.127
1.501
1.399
1.710
1.363
2.301
1.483
2.546
2.967
2.891
7.241
15.643
25.099
4.031
13.807
3.288
2.215
1.417
5.285
36.000
5.899
2.248
1.522
9.100
1.974
36.306
2.035
4.351
30.402
1.624
1.613
23.028
4.118
3.173
1.436
1.654
1.393
2.662
35.285
1.182
2.939
150.711
102745.107
3.499
1.034
2.656
204.444
1.854
3.262
436.040
6.184
1.199
2.037
6.314
56.479
1.474
1.231
1.281
1.299
735.951
1.901
16.476
2.662
1.404
2.153
1.388
7.208
3.525
2.061
2.116
1.374
1.168
2.643
1.303
13.954
7.783
1.515
41.821
49.184
1.120
2.470
1.983
7.209
5.275
1.042
2.565
6.923
17.281
10.356
1.096
3.198
3.720
4.067
1.077
2.635
1.454
8.361
1.032
1.997
4.020
8.047
56.705
3.549
4.578
1.254
5.114
2.319
1.027
7.544
1.648
1.159
2.621
3.918
2.939
297.209
31.319
1.347
16.522
1.974
78.851
17.802
22.361
1.041
1932.963
6.122
3.776
1.040
11.279
2.131
12.159
2.145
2.528
3.832
1.044
6.147
1.174
1.219
14.146
6.925
5.296
25.035
1.828
1.911
4.695
1.060
1.160
53.347
1.066
3.781
2.009
2.088
6.384
2.617
1.685
3.043
2.434
1.507
1.314
1.224
3.103
7.609
48.596
1.738
1.078
1.118
1.290
3.856
1.209
9.987
2.474
1.728
3.674
2.526
4.825
56.658
2.172
1.132
20.346
122.618
4.929
1.856
12.367
1.568
21.869
197.177
3.461
2.221
2.291
5.736
10.063
1.022
3.107
3.281
5.748
3.529
1651.334
197.850
29.903
2.908
4.483
5.267
1.343
2.343
13.931
40.528
1.972
1.213
1.656
3.018
2.335
1.456
3.005
1.031
1.360
3.673
5.406
1.798
3.564
2.542
2.016
10.616
6.562
6.384
13.417
43.980
8.733
3.372
1.684
5.906
1.222
2.200
1.214
6.715
10.591
1.617
12.837
2.736
1.759
32.364
2.923
1.084
1.573
2.528
1.126
8.679
1.832
42.827
1.722
2.654
6.954
1.584
1.808
68.104
241.416
2.881
1.190
3.757
3.773
5.750
1.167
3.227
1.709
6.637
12.567
27.065
18.478
3.336
1.302
26.304
41.154
60.122
3.158
2.460
58.792
5.228
3.660
2.508
70.564
11.876
71.279
1.831
1.193
8.683
1.621
18.422
1.670
1.220
1.095
1.124
156.021
4.764
2.348
1.111
3.571
1.044
1.198
1.040
27.035
1.269
1.012
3.657
6.275
1.124
1.088
1.850
3.299
4.185
3.069
3.194
1.317
1.166
1.172
2.063
2.283
45.318
105.186
1.207
1.063
1.355
485.367
1.476
1.474
2.082
1.234
1.001
2.691
4.827
2.413
4.286
3.289
2.033
1.358
86.878
1.992
1.597
5.241
67.531
72.075
90.054
1.894
1.360
10.197
2.711
118.127
7.601
6.214
6.318
1.264
1.029
11.947
16.805
9.027
2.829
10.460
1.703
1.900
1.824
1.412
1.816
2.341
1.622
22.846
6.670
5.822
2.526
1.468
3.044
6.740
1.184
6.522
1389.789
3.964
1.562
1.582
4.028
3.196
1.740
1.627
10.192
4.187
1.745
4.032
1.611
1.402
20.872
356.737
1.984
254.728
1.001
4.837
5.663
2.377
2.251
1.915
45.700
6.163
1.389
1.072
4.969
2.768
3.687
6.060
2.317
1.811
1.041
12.084
28.892
43.809
2.387
4.168
24.621
1.057
1.573
1.364
10.438
17.057
2.555
2.256
1.040
7.951
1.071
2.108
2.263
13.278
1.271
1.115
1.056
2.504
63.345
1.243
5.765
5.373
1.965
3.557
3.085
1.290
24.933
1.161
11.092
1.061
9.869
1.962
2.557
10.228
1.937
9.882
4.144
6.154
1.101
21.260
2.447
25624.130
7.170
1.349
1.314
1.603
3.337
10.801
2.483
2.271
53.645
1.555
2.295
10.140
1.216
1.219
1.509
12.453
4.492
1.723
7.529
2.146
123.314
1.538
2.200
1.276
1.938
2.056
1.797
2.395
