215.878
43.205
1.456
25.261
73.429
1.381
7.913
2.436
26.040
34.221
5.020
3.606
13.161
3.665
1.274
5.644
83.222
6.605
1.349
1.726
2.135
1.063
5.287
45.161
2.794
2.269
1.573
1.076
73.751
1.007
2.024
51.434
1.185
7.548
5.897
41.035
5.036
3.945
1.702
2.304
1.300
1.910
1.043
2.158
1.930
6.477
6.127
1.782
4.603
1.669
6.881
4.232
1.041
2.746
1.671
6.201
1.404
16.041
2.910
13.710
1.645
1.251
1.305
15.232
187.571
190.984
5.563
1.168
2.087
1.239
6.553
1.090
1.131
1.019
1.169
802.783
7.490
482.166
1.175
1.239
1.221
1.203
2.634
2.249
1.245
3.331
3.838
2.139
1.880
1.331
1.078
2.991
3.192
11.303
7.487
1.057
24.898
6.455
2.078
1.085
2.457
2.031
3.389
1.348
2.585
3.240
1.036
2.357
4.231
5.026
1.066
1.464
1.221
1.296
132.917
3.352
4.037
2.917
1.673
1.491
1.477
1.838
1.085
5.127
2.329
2.994
1.099
3.056
4.177
1.169
1.109
1.847
5.160
1.122
3.326
4.262
13.101
1.116
4.475
1.598
13.826
67.754
2.687
6.220
1.660
1.838
1.394
2.836
102.486
14.845
1.310
1.085
1.434
3.289
4.179
1.970
20.957
1.529
2.556
15.095
130.563
1.342
6.588
3.937
9.004
1.657
3.090
16.857
30.038
6.256
3.534
2.721
3.687
65.366
2.283
5.139
1.684
1.218
2.198
31.926
2.790
4.264
1.815
1.554
1.434
1.431
1.752
1.890
1.323
5.356
2.033
3.699
1.255
2.618
1.747
2.071
1.028
1.465
1.826
3.287
6.974
1.402
14.982
14.720
1.161
1.587
11.093
1.524
1.182
2.113
3.578
1.988
2.122
1.228
1.860
7.471
1.604
1.201
1.201
18.850
1.074
1.279
1.152
95.841
7.691
3.431
1.034
2.168
6.271
5.194
1.085
1.847
2.449
1.119
4.594
4.417
20.068
3.352
2.605
1.646
1.188
4.267
1.767
1.845
1.458
102.299
7.493
59.760
29.765
1.751
1.629
1.964
1.534
4.227
8.897
14.052
59.105
42.066
4.687
3.376
1.051
1.314
3.711
9.077
110.001
1.892
1.705
5.938
17.614
14.525
1.758
4.319
1.046
1.060
1.295
4.632
1.675
1.234
1.897
33.360
2.606
1.570
2.532
1.043
4.785
195.346
1.081
7.293
1.130
4.451
2.555
2.098
13.163
1.984
9.798
2.235
1.604
5.818
1.580
1.092
339.372
1.893
3.820
1.077
2.423
29.508
6.744
2.248
1.452
3.315
1.889
1.781
1.056
3.067
13.523
2.916
3.020
6.853
2.096
45.065
3.403
16.113
12.744
1.674
1.377
1.495
1.571
8.623
3.259
1.432
2.466
1.035
2.363
2.231
1.238
2.091
2.321
1.974
1.327
4.163
4.929
33.716
3.304
1.127
1.240
1.285
9.532
1.327
3.948
5.407
4.153
16.387
1.065
4.165
1.508
1.258
1.335
8.136
3.500
5.085
3.548
6.680
2.310
9.402
1.826
22.099
1.169
2.690
2.368
3.751
1.621
3.935
1.807
6.832
2.093
24.842
1.488
3.523
1.865
1.104
1.704
2.863
1.150
2.516
1.274
1.472
1.116
3.458
1.692
4.325
3.190
1.184
1.217
1.598
5.206
29.923
10.214
39.356
216.605
2.564
11.599
2.855
21.173
1.263
1.099
3.444
3.167
1.026
2.982
3.222
2.222
4.196
1.537
168.824
2.850
10.474
1.592
9.211
2.300
1.608
1.233
1.325
1.387
2.681
2.620
2.820
4.038
6.681
1.356
29.930
11.735
10.870
11.664
2.160
1.482
4.656
30.759
8.405
1.313
33.419
73.323
7.644
2.480
1.651
1.297
3.904
4.229
1.156
3.397
2.557
1.851
7.466
2.858
4.362
1.098
2.943
2.097
2.970
1.528
3.688
1.376
2.961
1.910
1.042
4.834
9.180
32.545
2.485
3.266
8.161
9.812
1.335
1.427
2.613
2.188
1.375
1.175
55.126
1.011
2399.424
1.294
1.917
1.074
7.848
1.170
1.409
1.347
56.481
56.106
2.113
3.482
1.061
1.294
1.144
1.028
3.357
1.270
2.060
1.757
2.080
65.581
1.358
3.604
2.259
13.500
2.070
1.040
6.037
5.471
3.034
1.049
4.116
1.317
2.229
1.198
1.670
1.993
1.324
1.210
22.843
1.292
1.079
1.854
5.271
2.046
1.797
1.234
1.631
1.839
1.137
2.245
1.833
6.398
1.478
8.749
1.299
1.500
1.112
3.976
1.228
12.062
24.499
11.433
6.511
9.059
2.856
1.358
2.560
1.763
1.916
2.444
2.169
1.532
1.180
1.596
1.305
1.281
4.564
2.778
4.313
3.011
32.883
1.039
2.144
1.978
1.510
2.910
1.341
4.369
1.307
14.778
19.509
5.940
2.037
5.150
2.029
1.455
1.760
2.848
4.058
11.612
63.171
1.308
5.940
3.053
1.472
23.866
5.120
3.717
7578.799
167.581
2.408
1.201
1.465
18.783
2.989
1.114
1.061
2.419
1.827
4.117
1.864
1.145
1.321
1.539
35.417
1.990
10.335
1.200
1.606
1.153
1.218
11.939
1.902
2.254
2.906
5.510
3.167
2.437
22.932
1.662
1.054
3.052
3.613
1.935
13.169
3.045
1.147
12.077
20.399
2.595
36469.377
2.095
1.548
1.186
6.153
3.786
1.009
1.056
1.802
1.154
8.470
2.555
27.232
1.221
1.174
1.309
12.861
1.169
1.016
1.029
13.086
7.575
23.900
70.343
91.595
5.649
1.018
7.710
1.972
2.168
8.644
1.682
2.212
15.008
2.043
3.316
2.480
2.228
1.691
1.130
10.186
1.992
1.070
1.873
7.880
64.181
1.689
8.116
1.005
13.279
367.712
1.584
2.090
645.585
2.704
2.775
4.095
3.988
12.297
1.715
4.023
4.022
1255.857
1.129
2.421
1.501
575.694
3.772
8.029
31.331
246.187
1.844
34.824
3.452
1.561
4.137
3.120
1.212
2.439
2.324
2.218
36.636
24.048
1.071
1.064
8.588
2.156
1.093
9.252
1.705
7.481
13.462
1.480
1.122
2.795
1.142
20.514
6.426
1.999
25.881
1.541
4.778
3.814
1.005
4.479
7.142
5.242
1.931
3.501
1.550
7.450
2.893
2.454
2.149
27.936
3.081
2.736
2.135
1.352
2.089
11.550
1.933
3.290
3.505
2.843
24.632
1.686
1.538
2.630
1.505
1.621
1.750
1.273
3.456
7.465
7.642
6.796
1.544
5.044
11.051
1.015
4.583
3.149
2.241
1.486
2.521
1.737
2.687
2.654
1.678
1.995
9.643
8.352
4.211
13.939
2.057
4.239
298.582
1.029
2.872
1.896
1.792
1.012
5.115
1.552
22.337
14.468
5.461
11.285
1.146
2.936
9.934
1.520
1.254
1.985
5.910
25.362
1.109
1.056
1.220
6.293
1.178
1.122
1.970
1.204
1.714
3.999
1.681
1.848
1.154
1.377
1.140
2.946
2.031
1.048
2.247
1.088
83.758
7.303
7.805
1.175
2.565
2.588
2.502
5.973
3.765
5.020
4.908
6.672
1.078
6.971
18.143
9.006
1.350
1.319
2.522
3.472
1.100
4.937
13.147
2.292
2.351
2.439
2.024
125.544
2.061
2.125
1.283
1.849
1.641
1139.717
2.838
5.780
1.875
2.537
122.901
103.750
4.594
1.770
5.331
11.184
1.038
27.430
1.204
2.037
6.398
13.835
1.431
8.685
9.971
10.306
9.209
124.377
28.571
1.862
5.260
1.152
1.580
13.510
1.062
2.621
1.525
1.866
1.639
1.886
1.596
1.451
1.279
1.664
1.068
1.557
6.606
1.168
16.093
27.300
1.677
2.488
11.988
2.951
15.452
1.794
13.976
2.437
1.598
78.803
1.723
9.272
1.019
4.914
2.788
2.269
1.496
2.034
1.110
7.560
1.524
3.658
12.637
1.154
1.860
3.943
1.104
3.396
1.265
2.993
3.894
1.117
117.592
22.046
1.228
1.012
2.421
1.515
21.969
1.748
18.863
1.929
1.947
1.056
25.647
1.953
1.318
7.204
2.496
1.646
4.060
1.733
2.266
2.848
11.866
2.193
47.343
20.706
3.793
10.269
44.872
2.874
2.454
1.144
23.837
1.745
1.325
6.967
282.570
115.705
5.438
5.108
2.175
27.346
2.843
11.515
1.443
1.293
1.596
1.139
9.149
5.455
5.531
12.216
147.920
3.465
1.387
1.327
10.405
2.546
8.834
3.588
1.271
4.591
