1.308
3.671
165.963
1.201
11.553
35.124
1.598
8.134
12.953
5.416
77.495
80.164
17.916
1.597
1.396
3.664
1.475
4.472
2.972
1.445
6.149
59.696
2.426
40.677
26.889
7.353
12.814
3.264
2.831
2.089
1.475
20.043
218.067
19.553
5.997
1.074
6.631
4.631
21.030
8.607
2.136
1.136
4.053
2.491
1.081
3.432
6.410
1.962
1.985
1.068
1.846
1464.800
1.430
1.020
908.738
322.213
10.922
4.129
1.737
89.508
3.762
1.626
2.383
4.194
2518.802
97.047
1.564
19.375
694.689
442.005
2.137
17.596
1.184
5.759
11.140
5.282
2.187
2.215
1.271
14.435
3.433
56.026
3.293
1.416
7.600
3.314
1.083
6574.063
1.461
1.149
1.932
13.399
55.043
16960.325
2.634
4.437
524.133
14.296
360.161
2.416
16.470
62.695
13.019
1.363
3.733
1.407
4.942
1.038
10.050
1.468
1.242
1.568
91.668
1.109
1.180
10.874
47.491
1.011
2.484
1255.769
1.885
9.930
75423934092.672
60.406
108.371
1.321
3.352
11.235
34.515
4.940
277.442
1.293
4.105
1.375
1.171
56.155
2.322
55.815
556.599
1.014
1.031
3.125
3.566
82.382
2.461
1.194
2.745
7.147
80.205
2.779
699.830
1.398
6.633
11.305
2.990
4.248
2.497
24.129
3.783
3.099
1.504
19.210
1.030
2.784
4.539
1.026
337.230
1279.335
6.192
1.730
1.153
28.887
40.973
11.987
1.038
1.571
5.816
2.394
15.589
157.224
28.695
1.830
2.126
335.881
3.034
1.075
133.403
3.700
22.517
14.186
2.004
9603.882
389.459
455.191
37.689
3.626
8.969
5.282
7.924
1.347
6.152
303.358
6.147
11.773
239.989
2.926
1.278
1.688
1.633
4.087
12.251
4.545
1.158
53.643
6.320
2.555
4.557
180.365
72.758
1.007
2.343
1.150
4.101
1.019
1.267
52.072
2.053
1730.864
6.648
1.871
1.046
4.344
1.409
1.315
1.258
1.732
1.132
6.977
3.310
1.626
5.071
39.032
1.097
1.150
1.857
23.462
9.031
5.935
140.755
10.654
3.224
28.608
263129.422
2.208
1.001
1.910
1.812
112.130
50.501
2.726
1.076
2.155
59.324
3.044
9.508
2.268
4.206
1.264
1.580
16.781
3.360
1.012
2.453
23.531
10.442
6.104
5.884
3.181
2.128
5.900
1.448
3.007
22.780
1.812
1.301
11.628
1.775
35401.385
11.537
1313.711
3.319
1.378
1.747
4.506
1.346
6432.405
1.016
37.438
13.596
5.084
44.864
10.453
2.848
2.045
9.044
1.741
828.618
22.783
3.061
121.386
2.274
14.511
4.574
67.051
2.331
4.025
6.990
41.855
2.427
5.536
1.581
3.163
1.594
4.649
16.202
1.346
11.599
423.051
3.763
21.925
81.360
8.572
1.086
55.175
1.263
344.892
4.193
1.282
51.680
21.307
6.741
14.870
2.128
304.389
26.901
2.797
8.200
2.787
1919.523
1.689
1355.016
10.235
1.512
2.460
18.204
1.132
3.330
3.575
1.341
4.237
3.445
11.045
1.514
1.118
6.078
7.618
13.243
3.800
25969.366
1.959
1.810
11.579
3.681
1.170
1.064
4.912
5.511
85.806
4.433
1.455
2.327
567.096
2.555
1.014
1.829
12.533
40.215
1.952
6.840
5.608
5.659
95.912
9.341
627.259
3.447
1.597
1.044
6.741
1.235
1621.339
3.979
1.460
2.092
3.830
10.434
2.767
1.475
8.970
14.777
1.344
10.661
6.994
2.681
304.689
2.412
2.694
4.812
4.062
3.585
2.131
5.178
1131.983
79.483
55.887
6.004
1.139
683.383
1.575
1.449
1.830
9.889
1.242
14.247
2.310
1.645
1.664
1.818
33.680
5.503
17.691
56.123
2.168
7.095
3.385
50.927
1.253
4.875
1.584
3.592
1.832
2.468
1.435
1.004
1.829
37.120
1.252
22.536
4.083
2.667
4.534
20.895
42.823
3.558
35.745
5.720
1.136
4.500
1.423
1.953
31.795
1.074
179.358
4.284
19.131
32.198
14.587
1.056
1.285
90.365
5.205
1.889
23.187
4.297
2.150
3.122
1.150
54.275
2.012
31.156
2.330
54.406
1.152
15.364
4.527
1.085
19.255
9.688
1.260
43.992
18.310
20.224
3.454
194.536
2.457
1.145
4.082
1.511
9375.181
32.303
156.361
3.844
7.401
3.942
146.320
1.485
4.112
610.533
104.185
2.984
5.441
1.015
5.089
1.427
7.968
87.075
1.903
418.736
20.035
2.670
4.224
5.356
130.394
1.243
2.000
2.219
1.458
1.826
1.430
33.233
1.108
1.977
2.935
13.728
8.916
18.914
1.246
9.498
2.323
294.712
3.908
3.816
7.160
3.289
14.187
14.487
1.080
22.684
60.124
16.363
1.256
4.044
2.365
4.242
23.756
2.696
5.478
9.343
1.292
2.418
632.326
745.464
377.647
705.371
13.041
6.763
1.419
280.510
4.443
7.550
2.927
1.211
3.068
1.060
11.987
3.267
1.209
1.625
4.083
13.588
38.410
1.055
7.272
3.084
6.276
1.622
762.337
3.135
30.183
3.606
1543.371
1.350
3.722
7.853
6.032
2.304
57.624
46.849
9.369
2.371
1.545
4.549
31.107
5.262
1.093
1.211
556.914
1.829
34.445
16.090
9.280
161.098
1095.547
77.187
10.897
6.905
14.369
235.826
55.759
1.850
222.768
1.140
43.556
1.840
2.484
7.083
4.459
5.536
23.519
7.415
1.075
8.787
1214.335
7.807
3.645
93.976
8.373
1.099
1.667
1.064
58.526
206.044
10.046
4.194
1.590
1.092
12.097
2.380
11.353
1.461
17.570
3.067
2.872
1.375
1.968
7.960
2.743
1.916
2.317
18894.453
3.703
6.462
161.882
80.360
1.375
5.482
2.878
158.221
1.177
1.340
2.537
243.123
210.186
6.526
2.468
4.531
1.701
7.145
5.003
1.856
63.468
56.519
2.049
3.266
4.155
1.541
3.757
4.049
1.094
1.257
13.688
2.187
26.643
1.371
2.792
1.201
1.597
11.363
1.762
1.102
1.152
1.006
2.753
8.089
7.323
16.976
1.947
2.263
6.671
1.818
3.014
4.297
2.961
9.094
8.008
1.291
1.386
1.519
1.114
153.789
8.664
2.414
6.951
9.236
1.112
1.544
1.561
4.442
1.736
1.240
985.227
4.550
3.610
3.401
3.119
4.187
558.355
282.184
4.010
2.544
6.889
43.899
18.874
3.089
2.858
14.151
433.960
33.381
72.864
3.048
1.417
1.494
1.054
59.729
1.058
927.568
108.862
5.536
4.723
101.677
4.740
2.976
4.363
108.134
49.908
484.417
2.297
164.934
9.304
6.164
20.754
1.440
54.105
2.679
6.163
21.629
2.055
1.753
2.758
17.169
9.258
1.247
2.120
12.390
16.504
15.060
6.805
2.823
173.918
3.966
98.273
1.379
20.841
1211.532
1.857
87.555
1.153
7.948
21.383
1.006
51.796
1.809
2.790
36.981
1786.958
4.781
1.017
6.126
17.591
25.595
235.489
102.922
3.765
5.297
106.346
4.101
34.882
6.270
1.211
62.638
7.660
3.009
1.442
18.633
6.348
23.297
2.286
18.701
19.295
2.276
1.657
312.793
4.357
5.519
1.074
17.905
1.386
4.999
3.146
17.223
3.476
42.054
45.587
2.000
1.903
1.929
8.957
14.080
176.574
8.275
17.741
3.078
1.374
2225.629
2.605
1.280
7.910
4.699
9.937
4475.093
8.996
1.850
2.706
25.357
2.420
2.416
231.318
1.053
170.614
5.371
3.307
1.153
1.808
6.445
41.324
955.350
11.626
1.264
2.445
113.457
4.306
6.036
3.714
32.303
1.786
1.602
880.208
3.268
1.469
1.974
1.226
6.357
1.424
1.326
3.009
19992.618
97.292
4.735
17.453
1.251
46.342
95.197
3.695
47.298
5.439
2.687
4.508
13.144
7.263
1.535
7.521
20.506
3.142
1.022
160.963
1.774
4.300
1455.919
6.886
1159.941
50.739
2541.951
38.785
475.854
1.705
11.019
1.281
19.661
1.459
31.295
7.782
13.298
4.526
523.930
27.575
11.815
2265.589
5.107
2.762
4.331
2.025
1.672
1.452
1.031
1.806
4.383
1.234
58.059
9.919
1.022
2.482
12.243
3.245
4.886
4.792
44.483
1.854
15.902
63.859
1.020
392.108
20.558
27.033
5.211
9.481
1.742
10.154
8.985
1.356
24.418
3668.386
1.242
125.822
11.748
7.109
3.586
2.014
15.797
8.237
38.071
1.294
2.122
1.249
1.216
5.651
11.194
1.326
1.725
1.518
27.816
5.835
