2.243
2.564
1.247
2.381
1.216
1.028
4.866
1.273
2.600
1.336
577.317
55.327
2.702
1.317
4.931
4.012
5.642
12.693
1.515
1.410
1.939
1.607
1.895
1.486
3.032
1.337
71.196
8.622
1.038
2.174
1.425
1356.211
1.255
129.784
1.034
4.553
2.902
1.101
64.794
1.528
49.082
71.352
547.376
145.716
2.058
5.815
9.931
1.141
1.027
3.629
3.015
1.443
2.066
3.938
2.467
10.276
14.587
10.274
4.261
12.147
7.157
1.184
7.370
2.365
16.591
32.851
1.272
4.819
3.777
13.825
22.677
2.613
1.746
13.021
1.008
1.037
2.130
4.212
9.873
2.625
1.121
2.357
1.640
1.002
1.487
13.114
9.468
4.773
1.641
6.391
1.260
1.838
1.713
4.484
5.867
1.308
1.980
1.361
22.046
35.578
4.662
727.187
1.078
1.133
2.056
1.216
1.583
1.215
518.264
1.294
1.402
5.949
14.252
3.368
7.328
2.400
1.000
2.636
1.774
522.515
2.091
19.085
9.435
7.039
1.367
2.367
2.565
2.225
1.244
1.704
1.263
8.061
1.116
1.132
76.262
209.680
2.077
1.222
7.225
32.642
42.128
1.211
1.584
1.608
12.836
1.612
2.344
2.457
1.138
2.320
1.025
5.748
2.121
242.477
186.450
3.387
17.737
2.964
6.649
2.187
1.791
1.686
1.566
2.647
1.122
1.039
2.545
1.245
2.950
3.341
1.795
1.757
6.145
4.095
23.115
2.765
1.257
4.085
4.219
1.811
1.104
10.212
3.309
4.569
2.880
397.505
1.346
5.667
2.400
1.860
2656.793
8.941
1.440
1.021
3.806
1.970
6.368
8.572
4.454
1.645
11.699
5.443
2.010
1.607
3.953
49.971
4.328
11.995
121.400
2.370
1.752
1.043
33.339
1.798
5.387
82.386
2.897
1.538
1.999
3.736
1.309
4.515
2.045
3.384
1.782
3.753
1.191
1.937
6.723
1.185
6.140
2.322
4.202
1.823
13.851
1.499
3.169
2.868
4.021
5.523
2.854
4.158
13.580
1.372
1.007
3.248
3.513
2.593
669.020
10.311
752.301
6.491
1.045
2.853
20.994
12.115
4.425
1.736
1.302
2.248
2.990
45.974
3.490
11.378
5.480
136.333
1.395
4.066
3.996
2.132
100.812
1.831
2.742
2.015
1.010
1.030
4.989
2.412
1.032
1.012
1.376
1.096
4.039
1.891
3.442
1.476
2.782
22.739
2.325
73.932
2.475
1.245
4.995
3.343
2.560
1.251
2.868
22.937
1.307
1.700
1.741
3.070
1.310
1.218
1.037
3.091
1.450
1.028
193.078
3.019
1.347
2.405
3.807
1.497
1.498
4.565
2.244
2.199
120.337
1.528
28.682
1.959
1.016
1.433
1.108
5.784
1.577
1.317
1.451
1.543
1.771
1.061
1.773
1.595
1.990
1.555
1.214
29.222
1.876
2.670
1.000
14.504
4.497
7.113
18.062
1.484
1.832
98.485
11.960
3.234
1.877
1.210
32.036
11.988
20.292
1.282
5.062
6.069
1.875
2.979
1.229
1.356
3.090
2.234
1.215
4.756
114.931
3.913
1602.376
12.146
2.648
31.059
2.077
11.672
6.915
4.407
7.845
6.820
1.400
1.225
1.199
14.133
3.401
13.873
37.013
1.269
35.729
2.494
10.695
10.362
1.701
2.544
3.966
1.880
1.290
1.031
7.982
15.417
2.190
1.069
4.191
1.116
1.920
2.394
4.736
15.593
1.305
1.576
43.180
150.151
1.444
1.077
57.382
1.327
2.067
4.341
3.900
1.013
17.985
11.278
1.639
1.024
20.619
3.914
39.471
4.018
10.695
3.464
1.006
1.731
1.120
109.376
3.331
1.331
5.916
4.329
6.614
2.062
6.334
1.174
1.255
1.110
2.122
10.383
12.367
1.007
11.166
9.925
8.757
1.029
30.709
4.992
1.423
3.431
1.101
12.192
2.233
42.460
1.534
3.653
4.466
24.941
3.040
1.710
4.910
1.124
1.231
1.795
1.481
1.474
11.031
5.893
7.737
1.537
2.116
2.009
11.319
4.447
6.462
1.180
3.592
1.793
3.546
2.289
1.570
1.946
1.129
4.962
4.063
4.194
1.107
1.023
2.247
4.108
1.616
1.816
83.083
1.805
3.214
6.672
6.529
2.242
3.017
1.308
3.198
1.402
2.518
2.357
4.392
2.957
25.192
1.149
1.504
1.562
2.520
4.111
2.640
2.697
1.213
9.264
3.805
1.273
97.542
1.914
6.325
1.769
1.150
12.841
2.453
48.321
92.375
138.753
6.014
1.069
4.119
1.382
1.133
1.532
39.088
1.375
1.278
1.819
12226.892
1.516
2.317
1.908
3.151
20.830
3.226
1.913
1.308
2.848
2.952
1.854
1.122
1.096
19.830
4.142
1.381
3.994
3.405
66.249
2.969
1.195
6.174
6.800
6.255
1.132
1.788
1.454
310.336
22.994
2.311
5.496
3.498
11.736
3.052
3.747
1.049
9.027
8.915
1.926
1.902
1.071
4.571
1.861
1.564
1.117
1.313
23.229
1.183
3.561
1.354
2.390
3.489
4.811
7.927
3.461
34.559
1.372
11.535
344.171
1.839
9.703
14.926
2.033
1.659
5.202
4.497
2.022
4.932
1.367
3.112
830.547
1.911
2.020
12.157
2.673
2.330
2.177
2.797
3.629
3.365
3.501
1.857
2.497
2.052
15.497
1.147
2.879
1.128
1.583
14.131
1.144
1.036
1.860
4.297
1.822
19.163
1.570
18.088
1.517
6.071
1.981
2.001
2.401
1.255
2.643
2.052
2.959
7.870
1.645
2.265
1.587
1.095
9.427
1.376
1.734
2.470
4.287
2.010
2.104
3.448
9.533
1.303
8.604
1.017
1.190
72.541
2.981
9.372
1.086
1.720
1.437
4.201
1.076
3.615
1.868
1.436
10.930
1.047
1.830
2.269
4.388
2.057
22.972
4.991
1.164
1.205
1.936
59.287
2.458
1.601
1.176
1.248
6.580
1.183
4.603
1.397
6.292
1.484
1.291
1.488
1.831
1.137
3.875
9.855
1.307
3.209
6.214
2.773
51.400
3.585
25.153
13.169
1.125
1.577
1.486
16.611
1.324
1.419
1.998
1.039
2.814
1.680
1.434
9.013
5.858
1.654
1.751
4.128
1.888
5.598
4.408
3.703
1580.739
35.677
2.591
1.749
6.787
2.498
1.817
2.204
1.445
3.645
8.412
2.714
5.848
1.047
30.996
2.273
1.616
2.100
15.072
7.744
5.836
13.583
2.593
1.417
6.518
1.512
1.165
1.834
4.642
3.701
9.744
2.433
1.304
2.389
4.351
26.683
2.324
1.924
4.475
1.367
2.564
10.779
1.247
1.556
1.134
1.306
8.698
1.643
1.034
1.178
1.048
1.646
1.692
1.109
1.377
1.254
3.303
17.370
1.079
40.989
1.250
4.487
1.019
2.751
2.884
3.841
4.771
3.744
1.109
4.760
4.548
20.056
8.575
3.986
3.566
3.448
1.113
1.238
2.918
2.937
1.795
55.206
58.369
1.006
3.106
29.699
3.541
6.413
1.414
4.343
1.099
4.557
1.548
1.709
65.386
24.276
9.823
4.235
10.349
293.662
5.336
3.134
2.274
1.370
8.042
1.547
932.239
2.012
3.980
3.097
1.471
8.801
69.715
3.216
10.015
1728.010
1.537
2.005
1.755
2.407
4.639
1.012
1.192
3.030
3.174
106.472
1.177
1.338
1.606
2.021
19.736
28.541
1.485
10.727
54.784
2.417
39.339
2.170
3.662
2.257
3.185
5.294
30.646
1.884
2.939
2.776
1.077
11.654
365.616
13.711
1.641
3.087
1.020
4.307
1.141
2.285
8.766
2.585
2.464
4.082
1.408
1.008
1.880
1210.416
1.176
1.784
1.184
2.220
3.203
132.319
1.440
2.225
17.990
2.927
2.737
5.064
2.609
1.472
1.682
1.562
1.735
1.341
20.607
1.543
1.374
149.588
1.440
8.413
1.856
2.515
3.776
3.473
1.543
1.102
1.292
10.965
1.376
1.103
1.222
3.048
1006.565
1.298
30.816
1.328
2.379
2.035
73.250
1.012
2.176
42.109
37.274
7.590
1.089
36.276
2.001
2.510
11.013
23.155
7.462
6.572
1.534
1.109
1.304
1.702
1.798
8.178
2.430
1.536
25.969
1.184
22.158
1.300
19.147
3.110
3.080
1.301
11.600
1.127
13.220
1.033
21.274
253.093
1.167
5.768
1.077
2.290
2.464
1.312
1.417
26.270
14.677
110.911
6.237
4.803
2.442
2.904
3.251
2.074
42.619
8.110
1.820
4.303
2.087
1.406
1.896
