53.524
17.318
1.698
1.229
1.604
1.684
1.632
2.290
1.334
1.206
1.311
1.475
2.149
1.054
1.420
1.563
1.008
1.348
17.491
1.287
4.935
4.386
3.157
1.714
3.029
1.132
4.490
4.487
2.205
5.184
1.776
199.857
1.015
19.788
2.540
2.986
2.446
3.935
1.610
1.651
1.690
29.154
2.640
1.261
18.047
3.009
1.123
1.207
17.585
2.123
1.200
3.457
2.194
1.231
1.381
1.604
2.395
3.060
5.194
1.018
1.129
2.507
1.101
2.007
1.045
1.344
2.883
4.155
37.049
1.527
1.750
1.481
1.711
2.517
10.162
9.610
2.913
6.028
1.155
1.065
1.445
115.023
1.004
2.901
8.006
1.048
1.569
1.080
3.958
3.459
1.047
2.169
1.712
4.391
1.856
1.286
5.960
1.637
5.961
19.607
3.000
40.342
14.387
1.777
2.117
3.818
2.741
2.796
1.042
11.523
1.706
3.365
1.229
1.888
8.661
1.074
1.261
5.930
1.882
2.913
14.164
14.675
112.026
1.303
2.499
1.271
5.920
1.261
8.112
10.043
2.011
2.172
1.095
1.992
8.138
9.356
28.976
1.023
3.521
1.577
1.863
1.586
1.081
14.302
7.551
7.755
1.545
4.312
16.873
11.167
2.139
1.932
7.042
1.854
1.050
8.461
3.095
1.023
3.849
3.302
2.280
1.227
1.201
1.061
2.649
2.046
6.371
1.565
1.520
25.522
2.914
3.567
2.556
4.688
4.103
1.364
5.174
5.692
2.514
1.058
4.229
1.924
54.705
2.320
1.146
4.664
2.011
1.023
10.581
1.053
1.262
1.006
1.166
4.715
1.975
1.568
1.761
4.225
1.898
24.016
1.022
1.103
1.262
1.180
5.367
1.231
2.539
2.041
1.365
1.368
1.165
1.665
2.274
1.781
1.441
6.697
1.770
3.708
1.181
8.784
2.965
1.037
1.468
6.030
2.571
1.208
1.287
1.280
1.277
1.534
3.724
1.092
2.353
4.093
1.409
1.037
3.094
1.048
1.338
3.919
3.589
1.441
3.890
2.728
55.667
7.039
9.572
1.502
3.407
1.008
2.451
8.610
3.981
1.149
3.350
2.052
1.482
1.219
1.330
4.176
1.408
2.569
4.183
4.254
2.731
1.681
1.376
8.004
1.426
33.031
3.784
2.405
1.243
2.378
1.075
1.784
1.409
5.478
1.032
1.745
1.640
1.403
10.844
1.101
1.252
1.080
2.840
7.463
1.884
1.442
1.941
8.230
1.486
1.909
3.211
15.643
2.053
1.221
1.361
7.412
1.327
6.002
1.131
1.098
2.491
1.413
3.070
1.424
1.338
18.143
1.768
2.962
1.163
1.397
1.341
2.290
28.124
1.966
1.123
1.756
77.420
1.721
5.002
1.519
1.255
3.071
3.841
23.796
1.985
1.007
1.314
3.879
1.488
1.613
3.382
1.683
1.045
1.618
5.087
3.079
4.075
3.821
1.939
1.148
3.597
2.053
1.191
2.077
2.002
243.922
3.914
1.275
13.565
2.437
4.552
1.159
2.600
1.106
1.213
1.255
2.685
1.140
3.538
1.008
2.464
1.022
1.284
2.970
3.726
2.191
9.412
56.494
2.120
6.182
2.994
1.694
1.066
2.232
1.270
1.622
3.587
1.082
1.183
2.030
1.534
1.401
10.024
7.269
1.125
1.293
1.602
1.310
15.950
4.784
3.169
3.438
2.211
1.161
1.971
1.936
9.234
1.295
3.172
1.218
1.322
1.305
1.199
1.239
1.823
2.913
2.546
4.500
2.458
6.117
6.250
1.212
3.575
4.391
1.011
1.162
1.135
1.165
6.465
1.067
3.013
1.110
2.426
5.211
5.395
1.659
2.470
1.343
1.506
1.394
1.226
1.080
1.404
1.208
1.762
4.421
1.362
1.046
3.277
1.395
2.396
1.370
3.681
2.714
2.740
1.341
3.875
1.770
1.491
3.423
4.048
2.135
27.055
1.015
1.433
1.513
1.665
4.702
45.280
3.926
1.663
8.694
16.304
1.041
214.341
4.641
3.562
1.695
1.461
2.492
1.793
11.001
30.746
2.318
1.583
1.997
1.660
4.135
2.474
1.433
34.484
1.030
2.849
1.041
4.931
10.837
1.780
1.582
1.025
2.432
1.494
1.869
1.120
1.023
1.739
1.326
4.820
1.208
10.673
20.520
2.602
3.422
1.261
2.096
1.412
12.469
2.536
2.520
4.381
2.373
3.086
10.319
1.464
1.070
1.542
3.293
7.400
7.482
8.558
2.123
2.029
2.583
2.109
8.745
8.342
1.229
2.009
1.422
1.342
1.281
6.778
1.220
13.918
2.620
1.304
41.788
1.442
3.428
1.350
13.783
1.038
2.587
2.627
3.914
4.052
4.638
38.797
1.357
2.705
1.164
3.156
2.875
2.894
4.519
1.725
1.697
21.729
3.864
1.660
1.537
2.523
6.380
1.344
1.961
4.570
1.461
4.887
1.113
1.436
2.418
2.728
7.909
35.804
3.104
2.063
2.376
11.250
1.051
1.817
15.999
5.306
1.943
1.474
1.726
1.123
5.141
7.607
32.411
215.415
1.152
1.085
1.252
1.564
4.337
1.683
2.139
2.182
2.866
13.704
11.707
2.243
1.240
1.468
597.388
2.503
11.557
1.343
5.642
1.497
1.052
2.258
5.924
1.116
1.820
2.129
2.394
1.653
17.898
1.438
1.644
7.283
9.209
1.234
1.646
7.253
5.452
2.362
1.797
2.389
1.925
1.195
1.132
7.466
13.686
13.079
5.319
1.077
1.483
29.910
1.781
1.666
14.174
1.025
5.874
1.157
2.246
26.486
1.024
9.918
1.222
2.363
1.237
2.740
1.553
1.236
1.039
1.342
1.709
10.032
1.161
4.846
9.959
3.047
17.913
2.299
5.487
1.701
1.595
17.806
1.625
2.342
4.311
22.222
1.508
1.127
1.504
1.169
1.695
19.238
1.514
2.958
1.039
1.028
1.386
2.249
2.005
9.636
1.472
15.713
1.054
1.193
2.179
1.220
1.152
2.443
46.013
1.146
2.951
3.138
15.824
1.444
1.939
4.026
1.073
1.555
1.700
43.728
6.687
4.971
1.359
1.798
1.184
1.137
2.336
3.068
1.179
1.237
1.527
3.941
3.314
34.515
3.521
1.294
1.612
1.149
1.109
6.277
1.062
11.205
1.450
3.203
3.270
1.107
1.473
19.222
2.324
1.765
1.303
1.023
2.291
1.077
4.808
2.427
1.288
5.684
1.427
1.134
1.897
1.245
1.918
1.043
1.908
2.275
2.241
2.648
15.671
1.058
1.547
2.344
1.838
2.118
1.769
1.666
3.645
5.649
1.535
7.074
2.816
1.666
1.021
2.714
3.013
2.615
8.028
3.763
1.199
1.271
10.075
4.840
2.465
3.661
1.335
1.961
5.853
1.060
2.054
1.176
76.042
4.426
37.344
2.088
42.350
1.803
1.569
1.267
2.495
1.123
10.222
3.010
4.970
3.693
1.343
1.494
2.351
1.270
4.551
1.059
2.543
4.255
1.403
2.149
4.686
2.803
4.695
5.496
1.695
1.056
2.015
3.643
7.141
1.078
5.123
1.296
1.624
3.326
1.208
1.256
2.107
1.645
1.608
7.999
2.824
1.114
1.352
2.413
1.105
2.370
1.042
1.140
11.099
1.385
3.677
2.468
1.064
117.621
1.616
1.578
1.362
1.245
1.436
1.018
41.440
1.255
1.043
2.089
2.067
1.024
2.309
1.744
10.341
1.936
1.148
1.450
19.604
1.097
1.505
1.671
1.059
1.876
3.621
1.034
1.233
1.017
1.042
11.091
1.422
3.123
34.922
2.733
25.893
1.340
4.025
1.167
2.790
4.047
2.334
1.023
20.341
1.733
2.852
4.421
3.989
2.271
2.686
1.217
11.180
4.662
3.950
1.112
1.157
19.173
2.007
1.780
1.317
3.063
2.360
2.360
1.884
16.238
1.240
5.698
5.337
1.107
1.443
7.660
2.229
1.238
2.057
1.454
5.870
1.519
2.778
3.078
1.183
3.556
2.673
26.434
1.371
4.688
1.071
1.724
1.165
10.581
1.535
1.041
1.910
1.566
4.700
1.171
596.705
1.637
1.117
11.434
2.035
2.062
2.846
22.337
2.165
6.059
2.152
3.731
4.564
1.540
1.134
1.995
3.337
1.457
1.173
1.926
1.222
3.890
2.790
1.883
1.239
4.947
4.077
3.698
1.037
1.755
1.801
1.910
7.038
4.766
1.960
2.930
7.628
9.502
1.622
4.203
2.743
1.211
13.006
1.301
3.911
1.490
1.367
2.008
2.988
6.505
1.238
1.228
1.095
1.221
1.737
2.740
2.132
