-1.6617 0.6043
0.9779 1.1063
0.2166 2.1264
-0.4847 0.8185
-0.6831 1.7652
-0.6430 0.3237
-0.0524 0.5150
0.3526 -0.1117
0.5826 1.6302
0.7035 -0.1389
-0.2382 -0.4735
0.7154 1.5456
1.5367 -0.7947
-0.7978 1.6447
-1.7163 -0.6463
0.4400 -0.9010
0.7645 0.8264
-0.8098 -0.9341
1.1080 1.0209
0.2738 -0.4934
1.6294 0.5943
-0.8358 0.5420
1.1228 -0.8379
-0.6044 -0.8238
-0.1002 -0.6551
0.7741 -0.6209
0.4767 -1.9730
-0.4724 0.2385
1.8431 0.2575
0.9747 -1.1745
0.3252 -1.8163
-0.8816 -1.0947
-1.1443 0.9259
-1.0310 -0.7505
-0.8922 -1.2261
-0.2954 0.1327
0.1655 1.9294
0.9658 -0.9991
1.0045 1.1475
-0.8203 -1.7053
-0.6538 -0.8056
0.6914 0.8547
-0.0241 0.1316
-0.2397 0.1084
-1.9255 -0.0385
0.7446 -0.3546
-1.8500 -0.1884
-1.8782 0.6243
0.2725 -0.4566
-1.0171 1.3084
-1.0351 0.5677
0.8585 -1.1705
1.1047 -1.2973
1.8147 0.5586
-1.7646 0.6762
-0.5416 -1.8131
1.8877 -0.4075
-0.9926 1.2573
0.1214 0.3505
1.0815 -1.1072
-1.3236 -0.9284
-0.9549 1.0910
-0.5097 1.6867
-0.3912 -1.9623
0.6289 -1.8459
0.0567 0.0434
0.8361 0.5097
-1.0926 -0.8977
-1.8117 0.6685
0.0898 1.8685
0.5736 0.3604
0.7223 -0.9380
-0.4319 -1.9031
1.6059 0.8075
-0.1977 -0.3462
-0.3289 0.5583
-0.7368 -0.8837
0.7899 -0.2743
-2.0375 -0.1283
1.8954 0.6661
0.5218 -1.8535
-0.2968 -1.9788
1.2708 -1.0600
-0.1227 -2.0381
0.3612 0.8282
0.9896 0.7945
-1.9621 -0.1951
-0.2546 0.1532
0.7682 1.6716
-0.2259 -1.9048
-0.1526 -0.3486
-0.2790 1.9106
0.5366 -0.9440
0.0079 -0.3071
0.7884 0.2044
-0.3845 -1.9542
0.6822 1.7024
0.7492 0.1316
-1.2539 -1.0454
0.7734 1.7605
-1.0189 0.4969
0.6405 0.1447
-0.1478 -0.2533
0.0615 -0.1289
0.6345 -0.3464
0.9822 -0.7189
-0.2541 0.8229
1.1785 -1.0559
0.1878 -0.6640
-0.8543 0.9884
0.8594 -0.9604
-1.3743 0.8090
-0.5990 -1.0530
0.0068 0.0612
0.5988 1.7063
-0.0888 0.1890
-0.8510 1.2584
0.7741 1.0388
-2.1003 -0.2368
-0.0877 -0.0066
-0.0515 0.2433
0.1184 -2.1193
0.9205 -1.2196
0.8668 1.0439
-0.7540 1.6124
-1.1408 1.0019
-0.2150 0.4699
-0.4914 -1.9686
0.0954 0.4210
-0.6960 -0.2584
-0.8499 -0.5770
-0.5630 -0.3019
-2.0961 -0.2252
-0.6948 1.8574
-1.6067 0.9359
-0.3622 -0.7632
-1.9410 -0.0644
0.8910 -1.0056
1.0043 -1.3557
-0.3574 -0.2204
1.1660 -0.8548
-0.8019 -1.0066
0.1742 -0.0510
1.6044 -0.6369
-0.0703 -0.1809
0.0353 -0.1278
0.9191 -0.9802
-0.4295 0.2283
-0.0324 0.2389
-1.0403 0.6692
0.9027 -1.1079
-0.1797 0.2574
-0.3399 -0.8456
-0.0067 -0.0812
0.6778 0.1048
1.7224 -0.8648
-0.9166 1.2110
-1.0215 -0.9831
-0.8599 -0.6463
-1.0230 -1.4013
0.0669 0.1997
1.7262 0.7242
0.9148 1.4341
-0.4461 0.8626
0.3979 0.0693
0.6623 1.8860
-0.1247 -2.0589
0.9557 1.0592
-0.6270 -0.8120
-1.8495 -0.4371
0.7705 -1.5040
0.4286 0.7463
0.5602 -0.9243
-0.6020 0.7845
0.3115 -0.0862
-1.8596 -0.5344
-0.8046 0.2886
0.9779 0.9109
0.1406 0.3889
0.2924 2.0544
0.0778 -0.0511
-0.7049 -1.5718
0.9912 1.1509
0.1029 -0.6280
-0.7514 -1.8705
-1.7290 -0.8483
-0.1209 0.5394
0.8784 1.0757
1.9709 -0.4770
0.0828 0.0223
2.0095 0.2437
1.8588 0.7099
0.1037 0.0062
-1.9454 0.0456
-0.0264 0.1089
-1.5516 -0.8757
-0.1456 1.8738
-1.7208 -0.6746
-0.1805 -2.0356
0.8996 -1.0300
