49.1 98.3
67.7 121.1
89.9 159.1
51.1 88.9
59.1 99.4
52.8 87.8
47.1 91.6
57.5 129.1
53.9 85.4
53.6 68.4
66.9 109.1
45.9 90.1
69.3 125.2
47.1 104.3
62.5 110.8
64.4 87.7
59.0 55.3
56.3 115.4
54.1 104.1
47.1 49.0
60.9 117.3
60.1 98.3
76.1 97.4
64.6 99.9
40.8 79.9
62.8 73.3
51.8 106.2
46.5 104.3
43.6 115.8
56.4 139.7
40.9 119.2
56.8 97.5
51.6 128.1
51.0 54.6
50.0 94.5
61.9 74.8
51.2 74.4
52.0 82.7
58.8 132.7
58.9 114.0
52.2 121.3
60.0 121.3
53.9 110.5
44.9 102.5
54.9 61.0
48.7 126.4
61.6 100.8
58.8 105.4
37.5 52.9
67.9 100.3
56.5 109.4
41.1 128.3
53.9 81.0
54.9 98.5
70.3 113.4
57.8 102.5
63.9 136.8
58.5 95.9
55.5 131.2
58.0 114.9
55.8 96.9
77.0 92.3
33.8 113.5
42.4 110.4
51.5 98.9
58.9 110.1
66.0 123.8
48.3 128.8
48.5 80.0
59.8 81.8
50.0 88.4
43.3 107.6
43.7 92.5
46.0 88.8
53.1 108.1
49.4 58.8
43.4 103.4
56.5 145.3
58.1 100.8
51.0 110.0
42.4 47.8
55.3 88.5
67.0 104.9
72.2 116.5
57.8 113.1
46.2 95.4
35.4 91.8
80.5 130.0
50.6 69.7
52.2 95.8
68.0 106.9
43.0 71.6
40.5 93.2
67.7 149.6
49.1 109.6
44.3 88.8
46.0 80.2
47.0 92.8
63.0 71.6
57.6 126.2
56.1 116.9
68.3 140.3
57.5 119.4
60.5 99.1
51.0 56.6
33.0 97.8
76.4 124.7
50.6 96.6
72.5 103.6
60.7 78.7
55.3 101.5
51.2 70.5
58.8 105.3
46.4 105.7
24.9 94.1
42.7 61.3
49.4 94.0
69.8 161.5
49.0 105.5
63.0 118.5
37.1 112.2
51.1 88.3
28.3 88.4
46.8 63.9
67.5 134.6
51.0 79.8
58.4 115.5
59.5 81.3
48.7 93.9
62.8 111.7
47.1 88.4
49.2 108.1
57.1 90.8
53.2 90.7
67.4 149.1
67.1 140.1
42.5 96.2
56.0 131.0
58.7 54.7
60.9 135.1
87.1 144.9
47.5 140.1
44.8 93.3
54.7 92.6
47.8 112.4
74.9 155.7
49.0 108.8
42.8 71.3
61.0 109.3
59.1 91.4
45.7 84.7
48.3 94.3
46.0 98.2
40.7 90.5
52.0 117.0
38.6 81.5
58.4 95.1
36.7 112.2
62.6 108.8
47.6 80.9
47.4 54.1
69.6 148.7
51.4 118.0
56.9 78.8
53.1 62.2
31.8 84.1
52.6 105.5
42.4 84.4
70.2 123.2
63.7 136.5
48.5 78.9
53.5 140.6
49.4 113.5
64.3 107.1
53.6 119.8
60.7 77.1
55.8 118.7
50.8 88.4
61.0 109.5
56.6 86.3
76.6 124.9
51.1 112.5
33.7 77.9
35.2 97.9
61.0 67.4
72.6 145.2
64.0 83.8
70.1 95.2
55.0 85.2
53.2 140.2
71.4 95.7
56.9 99.9
51.6 85.1
58.4 82.7
43.0 103.6
59.0 122.0
61.9 121.9
54.7 119.0
59.0 102.0
54.3 124.3
