0.671 0.467
0.712 0.508
0.716 0.541
0.690 0.467
0.710 0.413
0.645 0.587
0.627 0.472
0.667 0.469
0.649 0.592
0.690 0.564
0.683 0.485
0.693 0.436
0.719 0.406
0.705 0.444
0.763 0.406
0.704 0.457
0.658 0.468
0.747 0.470
0.724 0.415
0.655 0.506
0.759 0.472
0.767 0.443
0.673 0.508
0.741 0.560
0.664 0.505
0.717 0.435
0.701 0.449
0.771 0.470
0.689 0.438
0.713 0.435
0.710 0.434
0.646 0.479
0.631 0.540
0.716 0.454
0.633 0.519
0.673 0.419
0.730 0.515
0.571 0.535
0.661 0.480
0.778 0.435
0.653 0.512
0.682 0.441
0.745 0.520
0.648 0.403
0.582 0.463
0.615 0.380
0.696 0.448
0.667 0.488
0.711 0.461
0.649 0.472
0.732 0.550
0.695 0.528
0.635 0.418
0.702 0.541
0.614 0.512
0.768 0.507
0.809 0.470
0.726 0.441
0.758 0.445
0.780 0.421
0.672 0.530
0.617 0.466
0.741 0.572
0.684 0.539
0.672 0.433
0.643 0.515
0.721 0.553
0.682 0.412
0.661 0.388
0.727 0.537
0.697 0.489
0.786 0.493
0.699 0.460
0.750 0.514
0.642 0.489
0.658 0.489
0.747 0.457
0.704 0.533
0.735 0.450
0.669 0.448
0.642 0.441
0.745 0.465
0.701 0.460
0.701 0.479
0.671 0.463
0.726 0.410
0.661 0.451
0.687 0.520
0.636 0.441
0.736 0.516
0.678 0.451
0.758 0.443
0.696 0.500
0.748 0.476
0.675 0.420
0.681 0.542
0.681 0.373
0.736 0.552
0.713 0.526
0.764 0.511
0.803 0.494
0.716 0.423
0.628 0.471
0.750 0.420
0.718 0.501
0.697 0.475
0.733 0.498
0.686 0.470
0.703 0.517
0.713 0.498
0.797 0.515
0.712 0.444
0.665 0.306
0.783 0.521
0.668 0.402
0.742 0.533
0.715 0.393
0.741 0.423
0.708 0.519
0.672 0.516
0.804 0.479
0.665 0.436
0.713 0.503
0.758 0.388
0.639 0.419
0.670 0.539
0.702 0.519
0.721 0.480
0.768 0.499
0.758 0.476
0.724 0.419
0.705 0.486
0.717 0.495
0.570 0.444
0.693 0.529
0.726 0.404
0.690 0.446
0.748 0.386
0.677 0.346
0.645 0.464
0.762 0.459
0.637 0.441
0.754 0.382
0.703 0.486
0.747 0.420
0.738 0.439
0.696 0.456
0.756 0.438
0.692 0.481
0.633 0.408
0.667 0.428
0.670 0.578
0.665 0.541
0.756 0.483
0.692 0.403
0.652 0.502
0.694 0.436
0.765 0.508
0.742 0.417
0.718 0.477
0.713 0.478
0.745 0.415
0.743 0.473
0.697 0.480
0.680 0.421
0.647 0.360
0.677 0.559
0.732 0.531
0.698 0.493
0.664 0.516
0.749 0.486
0.688 0.544
0.697 0.507
0.732 0.509
0.720 0.466
0.698 0.640
0.710 0.498
0.692 0.475
0.722 0.461
0.562 0.462
0.708 0.468
0.700 0.382
0.761 0.524
0.695 0.467
0.673 0.404
0.754 0.577
0.717 0.406
0.622 0.442
0.735 0.453
0.687 0.463
0.805 0.472
0.682 0.422
0.533 0.474
0.740 0.499
0.726 0.453
0.751 0.460
0.591 0.478
0.710 0.472
0.756 0.471
0.701 0.433
