sample0 -1.022 -0.167 0.074 0.670 1.229 -0.397 -0.379 1.873 0.978 1.083 0.311 -0.966 2.658 -1.852
sample1 0.959 -0.408 0.960 -1.607 0.273 -1.643 -1.223 0.304 0.339 -2.159 -0.367 0.140 -3.525 0.559 -0.789
sample2 0.205 -1.125 -0.925 0.168 0.017 -0.661 -1.603 -1.389 1.193 -1.029 -0.917 -0.996 0.647
sample3 -0.565 -1.867 -0.531 -0.569 -0.947 -0.420 -0.585 -0.344
sample4 1.645 1.824 -0.196 0.396 1.452 0.107 -0.890 1.106
sample5 1.880 0.764 -3.704 0.920 1.226 -1.600 0.554 -0.418 1.560 6.561
sample6 0.835 1.345 1.549 1.437 0.753 -0.277 1.180 0.038 -1.760 2.269 0.435 2.960 -1.150
sample7 1.778 -0.597 0.686 -1.899 0.758 0.273 -1.481 -1.058 -0.387
sample8 1.907 -1.059 0.550 -1.848 2.661 0.456 1.907 0.135 -0.401
sample9 0.380 -0.516 -3.001 -0.709 -1.348 0.177 -1.441 -0.460 -0.433 0.161 -0.018 -2.528 0.421 1.016 -1.090
