45.714 33.505 47.047 51.494 52.945 37.201 41.352 45.404 33.025 50.208
45.802 32.408 45.212 50.871 52.927 38.857 41.376 42.262 32.368 47.989
49.027 35.211 46.797 53.292 55.219 38.196 42.549 45.681 34.516 50.207
49.162 34.092 45.465 52.018 52.857 41.648 42.106 44.846 33.277 50.348
46.926 33.365 45.078 51.174 52.256 39.104 42.909 44.595 32.090 49.594
47.420 33.545 45.340 49.763 54.432 39.071 43.153 44.149 32.236 46.395
45.758 36.647 48.341 51.573 53.677 38.658 43.677 45.353 35.703 49.928
45.299 33.424 44.908 50.527 52.922 37.623 40.265 42.210 30.962 49.524
48.380 33.860 47.872 51.485 55.523 40.520 43.341 48.035 35.621 49.661
45.943 33.140 44.475 50.274 52.512 35.902 40.326 43.366 33.569 48.410
