1.104
1.161
3.467
1.903
1.048
1.718
1.831
1.076
4.217
5.984
2.501
2.332
2.461
4.073
10.265
5.284
3.019
1.756
1.154
1.946
23.367
1.681
1.374
9.828
1.255
1.241
12.681
2.458
3.071
5.838
1.181
8.523
2.269
45.130
49.907
2.775
1.011
1.281
3.691
1.922
3.621
4.854
1.329
1.581
2.426
1.802
1.975
1.319
1.558
1.357
4.672
2.049
1.051
2.188
2.045
4.114
1.637
1.542
2.873
1.426
6.986
1.811
1.014
53.682
2.299
2.970
10.833
1.139
1.095
1.034
1.117
3.685
8.831
11.781
1.239
1.247
2.118
1.956
2.138
1.255
1.072
1.022
3.068
1.216
1.071
1.747
6.935
1.168
1.011
71.329
1.201
2.373
2.752
1.892
1.132
9.416
1.723
2.422
2.559
55.086
3.278
1.983
1.086
2.201
1.691
8.633
1.058
2.561
11.313
2.797
56.072
3.163
2.154
240.650
1.213
36.376
2.395
1.305
1.003
163.582
1.672
2.306
1.213
4.199
5.872
1.501
1.099
4.629
6.221
1.649
4.889
1.233
2.448
3.427
1.823
1.373
1.173
1.767
3.003
1.276
2.926
2.195
6.654
1.123
2.003
2.201
1.114
4.026
76.003
10.670
4.483
1.634
1.812
3.377
2.027
6.116
12.770
1.885
8.297
1.146
1.184
3.262
1.544
2.301
1.066
4.189
14.008
22.805
3.983
1.785
1.447
6.538
1.151
167.794
284.473
3.681
2.577
7.427
14.997
1.478
1.074
3.306
4.539
1.192
10.916
1.691
5.292
3.491
3.062
1.277
2.514
2.046
6.374
18.409
1.232
8.610
2.107
1.255
3.439
3.192
6.082
32.495
3.352
1.471
22.919
9.705
4.275
7.153
4.817
1.110
1.309
2.461
1.202
19.204
5.911
1.948
1.462
1.258
7.451
73.415
1.761
1.053
2.130
2.763
1.531
1.895
1.217
1.033
1.780
15.135
1.190
1.984
2.254
3.366
14.056
1.160
5.654
1.741
1.292
1.487
1.719
15.622
1.594
2.716
3.477
1.275
1.461
12.745
1.162
1517.621
17.466
2.692
1.183
1.412
3.737
3.463
103.111
1.167
1.955
1.479
4.597
1.164
4.794
5.346
1.307
4.035
3.129
5.342
1.587
1.710
1.198
2.106
2.569
1.777
32.820
1.095
223.020
2.358
1.935
89.079
1.004
1.612
23.583
2.288
1.742
3.522
1.659
1.199
5.403
1.424
4.586
1.500
1.092
9.222
1.538
9.858
2.594
1.248
5.303
5.219
19.093
3.612
2.752
2.426
10.244
3.304
2.563
3.449
4.065
7.166
1.497
1.696
2.877
63.247
1.419
2.790
6.631
1.457
4.025
1.059
4.820
3.871
3.426
1.883
1.369
1.990
1.780
1.227
8.994
1.542
2.073
5.813
1.170
1.552
4.548
10.822
2.671
2.677
8.253
2.273
1.695
12115.808
4.927
9.355
2.596
2.760
67.371
5.072
4.106
1.972
2.208
2.625
2.151
1.789
6.297
1.193
3.763
68.174
4.713
3.540
1.924
2.240
1.177
1.012
1.516
241.896
1.520
1.954
14.245
1.198
4.371
1.845
3.515
3.281
5.601
1.112
78.749
4.177
13.834
5.924
2.183
3.151
2.036
1.833
7.936
2.059
1.768
1.002
4.296
2.745
18.495
69.624
6.251
1.991
1.699
2.115
1.632
1.702
1.962
1.395
2.973
4.000
1.511
1.688
104.808
3.602
1.391
1.578
3.578
2.188
78.481
5.361
7.366
1.046
2.782
1.402
2.788
1.722
103.002
1.138
1.504
1.143
9.427
1.576
1.683
1.073
1.642
1.494
1.822
1.324
82.318
3.960
4.875
1.703
1.239
2.374
1.499
1.506
6.101
1.235
6.420
1.085
2.277
1.597
5.770
79.628
1.821
4.147
36.572
1.316
2.170
5.620
1.939
2.743
3.833
1.160
1.386
1.382
2.423
1.538
1.992
1.099
1.017
1.319
1.638
1.201
1.029
16.035
1.805
1.204
2.813
2.029
1.520
1.285
4.771
1.775
1.003
1.495
1.362
6.302
2.752
1.913
1.402
2.509
3.342
1.499
1.867
1.803
8.191
5.340
1.084
5.934
1.335
1.062
1.350
1.619
11.029
2.838
1.690
1.960
1.382
1.105
1.194
6.648
1.360
5.308
2.215
4.338
12.981
4.850
1.719
538.590
1.076
25.815
2.392
10.312
5.610
1.803
1.501
2.368
12.484
1.189
7.394
14.743
3.816
1.062
1.470
2.978
1.022
1.993
2.882
1.049
26.603
1.851
1.116
8.145
5.072
1.010
1.127
1.013
20.736
1.714
1.046
2.077
1.073
3.988
2.837
1.001
1.313
1.151
1.054
2.497
1.175
1.224
3.420
5.701
1.670
1.029
3.886
1.308
1.268
2.181
3.100
1.087
32.239
4.960
5.615
1.411
1.477
6.223
8.024
9.645
1.145
1.063
1.474
1.213
31.552
2.732
2.159
3.398
2.344
4.254
5.449
4.592
13.181
11.607
5.110
8.212
1.010
4.602
3.608
2.166
1.970
1.909
66.341
1.438
1.011
2.028
7.429
3.839
2.792
1.139
1.970
1.157
1.988
1.165
1.416
1.020
1.029
1.383
1.117
3.037
5.783
1.696
3.317
1.939
2.937
1.405
12.561
9.918
1.320
17.818
12.541
1.713
39.227
1.237
1.127
3.835
1.411
2.162
6.499
4.205
2.586
1.070
1.217
1.582
1.854
43.164
6.144
1.307
4.015
1.498
1.598
1.508
2.378
3.639
1.356
3.268
3.212
1.341
1.788
1.137
2.265
1.076
1.027
2.398
3.383
3.654
1.720
2.023
1.659
4.932
1.055
1.057
1.116
35.868
1.810
1.198
80.255
14.675
1.304
4.288
1.165
7.584
2.317
1.047
2.719
1.451
1.226
1.534
12.590
16.580
1.002
4.443
2.608
3.292
2.440
6.060
3.904
2.060
1.925
3.367
5.626
1.422
1.258
1.914
4.507
5.662
299.627
1.230
2.884
3.126
1.690
1.976
4.904
12.362
1.439
3.750
1.297
11.576
16.246
2.377
15.953
2.218
1.751
2.427
1.137
1.829
10.720
1.521
1.243
1.146
3.245
1.040
1.075
1.250
2.350
1.393
1.141
2.072
5.538
1.310
1.728
6.561
7.897
3.442
1.714
1.856
3.815
1.641
1.469
7.178
27.983
18.422
1.184
1.804
2.088
1.064
1.565
2.269
2.084
1.259
1.574
3.897
4.636
1.079
1.114
5.773
1.393
2.092
2.704
4.672
36.029
4.450
1.401
3.613
1.434
1.181
1.868
3.608
1.883
1.081
12.851
2.823
3.585
1.392
1.748
7.726
4.093
31.698
2.565
1.056
1.353
2.992
8.228
1.306
1.551
1.168
2.681
48.049
3.004
1.333
1.577
3.517
3.148
41.869
2.239
1.126
2.998
3.396
1.280
23.478
1.313
1.205
1.885
1.080
71.003
8.032
3.309
3.485
191.372
1.703
1.846
1.274
2.459
2.321
18.758
1.086
3.205
14.649
1.306
1.366
2.264
1.186
6.859
1.289
153.253
5.282
1.167
1.577
2.409
1.926
1.235
36.547
3.008
10.864
4.405
5.617
1.107
6.166
4.899
180.321
13.451
1.823
1.468
2.773
5.380
24.950
2.456
3.049
1.058
1.475
1.499
41.694
5.306
5.490
1.182
1.817
2.271
2.177
1.143
1.787
3.684
6.358
3.133
7.309
1.403
1.367
1.326
3.625
1.164
2.946
1.410
2.039
1.069
1.056
1.544
1.243
5.654
1.002
1.313
3.667
3.226
8.999
3.524
3.542
1.303
1.566
108.534
3.130
37.159
1.270
1.156
1.017
2.607
2.092
24.360
13.885
1.106
7.884
1.330
1.235
1.490
1.179
3.765
3.016
3.191
6.910
2.098
1.524
1.968
1.832
1.812
1.498
2.724
1.883
2.405
1.167
1.653
1.604
1.046
3.238
8.495
1.139
1.260
2.970
1.028
226.606
2.802
1.556
1.449
2.975
1.244
2.716
1.270
1.224
1.566
14.142
1.148
1.363
1.966
14.785
1.354
13.298
1.134
1.352
2.640
14.568
1.913
1.348
3.532
1.483
8.488
3.067
21.359
36.068
2.219
1.610
8.138
1.305
2.001
4.428
2.325
2.545
1.327
1.005
2.766
1.613
1.734
3.968
1.135
6.451
2.077
1.229
1.715
1.059
1.131
1.646
2.106
2.240
1.580
1.691
4.981
5.755
1.257
4.929
1.065
2.043
1.555
2.039
5.189
1.259
1.049
1.400
1.750
5.478
1.135
1.906
1.354
6.542
