2.256
12.153
1.237
1.770
1.399
3.337
4.364
1.813
482.615
1170.085
1.140
1.707
5.937
1.313
271.276
28.643
1.858
1.484
4.185
3.452
1.259
16.478
4.039
2.815
23.699
2.607
1.731
6.050
1.263
21.473
4.808
7.478
1.174
11.932
2.443
1.317
1.959
25.944
2.201
9.795
4.221
1.469
7.619
8.967
1.854
158.075
2.576
3.023
1.041
3.694
7.764
10.036
113.399
12.936
1.369
6.657
1.079
3.791
1.147
7.387
3.281
1.011
8.281
1.073
29.044
6.886
1.405
305.774
216.830
1.150
1.428
4.038
2.033
1.453
6.418
1.143
1.362
1.240
2.614
2.062
1.551
5.878
1.377
4.522
1.953
20.168
3.093
2.784
10.921
753.772
9.491
1.124
829.477
16.564
35.248
4.657
2.982
16.066
1.953
10.614
16.999
97.719
2.967
4588.459
1.751
3.061
20.495
1.020
1.952
1.697
1.158
6.523
1.757
1.068
2.373
1.021
51.360
1.316
10.805
2.895
66.448
43.563
16.243
14.190
1.106
1.262
2.728
435.876
5.409
180.929
1.294
3.665
2.749
15.500
1.267
1.111
1.472
2.789
1.625
5.525
1.024
1.137
49.398
6.308
3.128
5.923
6.091
72.734
18.512
2.844
1.284
3.250
29.003
1.912
17.190
1.268
9.632
16.437
15.541
1.174
5.427
4.912
3.633
2.301
2.058
1.973
21.141
13.070
2.239
16.181
15.960
13.623
1.232
2.323
5.068
1.530
3.224
57.443
1.017
7.933
1.636
4.440
2.396
2.498
1.923
2.625
1.347
1.167
2.556
1.485
4.254
5.247
64.191
10.060
1.217
11.000
7.756
1.165
1.017
1.886
34.113
2.428
1.237
1.026
1.054
1.569
68.225
3.395
1.200
2.494
1.670
1.422
3.112
2.845
1.977
1.193
20.215
5.491
9.959
7.113
199.984
6.110
1.314
8.395
3.780
35.603
7.881
7.968
2.741
2.170
20.794
11.478
1.325
3.216
10.213
232.063
3.825
7.798
25.435
1.367
1576.672
6.392
1.511
4.436
1.925
2.022
2.055
3.910
7.714
4.221
1.980
1.036
102.636
2.571
10.733
1.012
1.607
1.321
3.143
1.201
3.465
2.345
1.371
1.502
2.742
4.734
1.030
8.719
3.893
12.942
3.906
15.458
3.001
11.841
1.597
1.411
1.258
1.796
16.705
18.208
1.597
4.929
1.481
4.882
11.055
13.484
28.415
22.157
41.476
3.217
1.491
645.778
15.272
1.475
5.317
5.676
6.263
1.385
1.266
1.410
5.339
1.761
1.700
1.649
1.099
4.414
2.025
1.298
7.771
3.068
2.350
2.248
1.234
641.110
2.192
6.202
6.291
5.309
7.918
3.611
1.492
1.885
12.733
3.407
1.812
2.455
1.125
3.272
1.202
2.045
1.162
4.352
6.506
4.469
1.264
10.759
7.365
1.968
2.014
2.759
1.247
7.496
1.142
1.655
31.368
1.946
1.638
1.520
4.098
1.910
1.527
3.311
1.667
14.400
2.441
5.595
270.845
3.133
2.424
634.167
12.769
12.714
1.243
6.209
1.725
2.415
1.501
6.612
1.781
38.542
1.035
1.483
67.707
1.749
8.307
3.994
2.943
35.289
1.236
1.182
1.917
1.005
4.127
1.245
2.652
2.810
25.998
1.092
2.578
1.800
1.283
1.453
7.890
3.769
1.682
62.516
4.779
277.060
5.439
1.353
13.400
1.307
1.840
2.068
3.037
1.167
5.003
6.513
1.309
3.687
39.000
1.164
1.615
1.509
421.594
23.951
9.417
8.182
1.736
1.089
2.019
13.553
6.072
1.056
1.117
1.143
1.976
1.644
1.344
25.367
4.070
3.379
58.839
1.555
3.331
2.207
1.693
2.775
9.648
1.747
425.418
1.704
2.514
1.865
6.867
19.017
5.232
11.441
1.446
1.549
1.636
4.563
1.996
2.310
6.216
1.292
4.543
11.708
26.346
1.448
5.563
4.373
32.688
1.238
1.039
1.674
1.724
1.768
3.259
13.699
5.817
1.038
17.502
9.964
3.398
2.857
1.159
1.121
1.014
1.132
1.458
1.736
1.357
2.799
2.283
7.229
2.248
1.529
1.684
3.763
1.072
57.425
233.346
15.946
1.408
1.079
25.390
2.237
8.085
3.897
24.545
3.082
2.588
1.208
63.875
658.031
7.853
4.141
1.489
3.523
1.249
3.451
7.718
1.685
2.247
124.217
1.554
1.081
1.954
1.594
6.006
1.022
18.476
1.292
2.925
2.273
1.635
3.168
1.006
2.251
1.180
1.079
37.649
3.262
1.894
2.004
2.020
2.427
4.258
2.803
1.167
24.554
3325.928
1.271
7.840
39.364
3.532
1.838
1.394
3.266
8.357
2.509
3.127
19.896
2.582
2.053
3.922
3.109
12.015
1.200
44.632
88.216
5.414
2.397
3.105
3.519
22.469
3.850
4.918
3.195
2.332
1.014
1.463
24.840
233.295
2.222
1.625
2.686
2.039
1.738
2.761
2.231
29.105
113.947
1.368
2592.797
108.117
4.318
1.255
6.804
1.033
2.350
2.609
4.993
8.829
2.869
1.775
928.278
6.779
1.252
34.816
1.974
4.198
4.863
1.737
1.411
5.078
1.646
3.999
2.282
4.497
3.741
1.372
4.669
15.397
1.864
25.778
1.658
1.851
3.305
19.913
125.424
4.409
100.654
2.911
284.880
1.714
1.355
2.072
2.949
2.797
6.243
7.878
1.420
3.359
12.904
6.795
1.193
6.669
1.899
8.358
5.027
25.534
1.930
1.762
2.634
2.279
1.328
31.749
1.218
22.245
1.714
1.163
1.158
6.438
6.613
1.763
5.826
5.032
3.275
303.150
16.849
2.077
3.867
69.952
108.934
1.080
27.228
4.196
1.470
4.708
3.385
10.958
5.052
1.066
2.378
1.644
1.111
1.302
1.746
4.313
22.983
18.335
5.097
23.802
5.346
1.897
3.662
1.428
16.559
1.057
6.638
35.373
6.262
1.696
1.274
2.649
1.314
18.580
2.784
1.686
1.606
1.433
2.852
2.128
24.496
1.173
5.063
303.806
248.225
5.221
24.503
1.587
10.762
2.747
1.117
1.976
1.081
7.922
1.080
1.334
401.160
18.899
2.359
1.876
1.095
6.685
4.471
6.858
9.384
2018.679
2.097
2.983
1.018
1.692
1.817
2.812
1.836
1.521
5.040
72.311
29.703
1.515
8.797
16.698
8.067
1.701
53.569
1.391
3.939
1.104
13.367
80.156
3.011
1.870
3.350
1.146
2.852
5.947
8.365
1.023
1.798
39.850
1.082
4.741
1.322
6.268
1.147
1.479
1.914
38.932
7.184
16.696
5.109
92.353
16.536
134.619
1.122
1.972
10.499
37.997
11.785
2.056
1.812
1.289
2.784
1.264
1672.555
29.774
41.200
281.153
30.685
1.568
4.091
24.779
1.274
1.237
15.674
1.613
3.525
13.895
1.385
5.022
2.581
3.453
2.651
1.361
3.954
11.056
2.071
15.752
1.073
2.469
116.604
3.726
1.105
1.078
1.715
65.443
1.344
1.249
10.037
1.681
22.568
3.116
3.661
11.957
13.154
1.270
1.149
1.468
35.012
4.492
1.190
3.742
1.605
10.906
9.554
2.948
3.752
11.076
1.726
1.180
2.260
2.616
1.300
8.417
4.999
161.922
1.359
5.085
7.392
2.513
1.079
1.532
70.457
1.561
1.956
1.759
15.612
8.201
61.784
31.826
60.173
212.357
11.815
33.647
1.485
1.648
2.430
2.359
46.631
4.584
1.472
86.265
7.693
2.887
1.527
7.186
3.824
1.800
14.553
3.469
1.989
1.518
8.131
5.784
1.353
8.755
7.069
1.288
1.051
5.795
2.550
1.878
1.686
2.343
1476.579
6.451
2.142
1.707
2.049
1.811
1.642
1.746
13.388
8.695
1.215
16.032
6.319
2.287
157.482
3.478
1.432
2.253
14371.548
4.372
1.432
14.282
2.009
2.193
18.987
6.079
31.884
2.795
1.593
2.443
1.036
1.966
40.808
6.672
3.313
39.726
52.386
8.092
1.964
1.732
8.228
1.073
2.460
2.805
1.555
1.490
1.134
3.096
19.977
2.422
1.144
326.819
5.274
3.906
1.423
3.428
4.283
6.530
1.496
1.679
3.059
1.982
1.386
1.714
1.607
1.987
35.852
57.666
2.548
141.002
4.493
1.154
1.891
328.399
2.986
2.643
2.821
1.949
1429.737
5.966
2.906
3.584
6.641
1.056
1.086
143.469
17.140
5.248
5.160
1.020
15.389
3.083
22.535
3.500
43.055
1.167
52.884
4.370
9.557
2.065
1.255
8.573
2.061
