1.888
1.198
2.067
1.351
1.831
6.984
1.915
2.039
38.420
2.073
1.381
1.168
30.090
2.164
1.384
1.257
1.194
4.924
15.455
29.330
1.230
3.829
1.791
1.544
1.036
1.291
1.271
1.608
8.177
1.156
1.002
2.405
11.509
18.696
1.866
1.609
1.891
2.434
1.945
3.420
1.443
4.569
1.336
1.008
1.139
9.469
1.804
1.915
1.069
348.535
1.178
1.356
2.739
88.813
1.640
6.598
1.258
1.073
2.412
1.431
8.325
3.906
1.655
1.265
1.295
2.202
2.438
1.156
53.848
2.712
1.059
1.181
1.357
1.185
5.136
1.363
1.196
1.744
2.022
1.052
25.817
2.180
1.908
2.949
1.534
2.240
1.198
1.426
1.506
1.141
1.781
3.580
1.306
2.520
1.167
3.031
2.815
1.313
12.728
1.110
1.147
2.132
1.101
6.579
1.507
2.026
1.071
24.885
1.070
1.555
1.309
1.115
1.245
3.102
1.050
1.654
1.084
8.914
1.462
1.220
2.829
1.175
1.362
1.757
12.198
2.348
1.146
3.812
1.624
1.888
1.659
10.114
1.339
16.179
5.191
2.221
1.320
2.066
7.180
1.571
1.121
1.463
7.285
1.083
1.142
1.043
1.288
1.548
1.925
1.466
1.375
1.515
2.846
1.233
1.639
2.570
2.497
1.233
10.351
4.246
1.270
1.116
1.267
1.990
1.264
1.094
1.360
2.155
5.167
2.637
2.610
1.165
1.659
1.485
1.079
9.991
10.284
2.164
1.566
2.031
4.792
1.240
1.430
2.634
23.990
4.492
1.892
1.143
1.432
8.100
8.038
3.906
7.512
1.921
1.882
2.454
2.214
2.539
74.139
4.847
1.790
9.519
1.097
2.188
1.038
2.147
2.874
1.797
5.991
2.127
1.214
1.431
1.050
1.877
2.547
2.040
1.070
1.299
1.785
2.063
1.881
1.260
2.106
2.391
3.248
1.486
1.319
1.225
1.160
53.578
3.532
2.110
3.100
1.739
1.639
1.120
2.434
1.946
2.006
1.269
4.726
1.423
1.225
8.102
1.349
97.267
1.146
1.075
2.565
1.812
1.455
57.097
2.607
1.868
1.361
1.352
1.430
1.482
1.273
2.978
6.098
1.541
2.157
3.880
5.552
1.173
7.048
1.067
4.156
1.025
1.677
4.641
11.520
19.099
19.635
6.708
3.131
2.040
4.928
2.690
2.454
1.026
41.878
2.950
1.631
1.081
1.824
3.237
1.336
2.365
1.260
1.477
2.658
1.020
1.854
2.646
1.321
1.837
1.327
2.186
1.069
4.468
1.345
1.032
2.205
1.470
5.743
1.282
1.291
7.122
1.695
1.089
18.859
9.313
2.573
1.374
1.813
1.016
7.327
3.114
1.211
1.001
1.910
1.036
2.635
4.019
14.535
4.237
1.804
7.876
1.860
1.083
8.469
1.207
2.185
2.799
4.546
1.680
1.756
14.790
1.063
4.785
1.556
1.059
1.848
1.355
5.037
22.211
1.079
2.098
1.466
38.611
2.010
5.908
6.531
1.604
1.466
2.968
5.764
1.325
1.426
8.154
1.872
1.314
1.931
1.447
2.495
5.067
2.030
4.826
1.237
1.191
1.171
2.310
2.425
1.215
1.097
1.345
13.722
43.612
1.031
1.642
1.371
2.930
2.938
1.680
4.092
1.632
9.073
1.637
2.113
2.092
1.536
1.038
1.596
1.550
6.970
1.524
1.713
2.172
3.301
1.251
1.686
1.619
1.246
2.551
2.230
1.888
1.206
2.069
1.283
4.535
1.057
1.308
1.002
1.506
9.073
1.545
67.066
1.242
1.758
1.169
3.741
1.953
1.053
1.614
8.069
2.162
8.844
1.578
6.870
5.085
11.097
9.081
5.503
4.117
1.089
1.236
2.142
1.494
1.500
2.764
8.662
1.588
2.930
2.005
2.577
1.111
1.809
2.817
2.913
1.804
1.241
2.776
1.537
3.292
6.890
1.698
1.823
10.614
5.144
1.462
3.098
1.536
15.834
4.710
7.060
1.382
4.526
1.978
1.622
1.140
5.248
89.187
4.645
1.365
2.399
2.034
1.007
1.622
35.193
10.482
1.023
3.591
1.375
2.688
10.548
1.456
1.125
1.024
7.211
5.039
1.268
2.203
1.409
16.125
1.933
2.521
2.019
2.039
1.032
1.312
2.838
1.952
3.040
1.631
2.994
1.031
1.319
2.103
1.235
36.622
1.914
15.197
1.816
1.558
1.789
1.743
1.850
1.073
4.000
1.132
1.154
1.759
2.173
2.420
1.097
6.267
1.457
7.252
1.305
1.037
2.379
26.401
1.342
1.304
1.004
2.624
1.674
1.671
4.174
23.360
2.226
1.823
2.608
1.635
18.873
1.378
1.079
1.628
1.126
2.175
1.412
1.275
1.472
1.090
4.238
1.171
1.529
1.762
1.957
1.178
1.489
1.498
3.825
1.748
1.194
9.155
1.436
1.779
29.145
1.198
1.668
1.251
2.192
1.807
1.082
2.786
5.328
1.226
2.497
1.215
4.569
2.318
21.260
1.388
1.031
1.892
1.081
1.661
1.956
1.369
1.418
6.399
11.192
2.032
1.150
2.998
1.711
1.968
11.802
1.148
2.495
1.001
2.349
5.370
1.438
4.456
1.568
12.533
3.660
1.598
1.137
6.396
11.040
2.212
1.343
1.136
3.045
1.104
9.942
1.997
3.750
14.179
1.093
5.746
1.305
1.079
2.082
4.954
21.310
1.544
4.543
4.474
22.441
1.961
1.576
1.159
1.678
2.440
1.350
1.186
1.043
1.111
5.319
3.600
4.259
1.543
2.692
4.048
5.419
1.748
1.245
40.245
1.114
19.547
1.881
1.163
1.163
7.776
4.432
2.703
49.653
2.020
64.656
1.189
1.407
1.731
1.289
2.802
1.254
1.055
1.319
6.250
39.701
1.259
1.382
1.135
2.457
1.582
1.248
1.932
6.288
1.291
1.032
10.846
2.457
1.627
3.615
8.492
2.067
1.643
7.737
6.454
1.986
1.444
10.559
1.305
1.394
7.509
1.389
1.131
1.298
1.099
2.276
1.350
2.024
1.855
1.224
1.038
1.869
1.043
1.811
236.452
2.065
3.088
1.990
1.005
2.823
2.822
2.357
1.072
1.676
1.245
1.500
2.481
1.129
2.174
1.188
22.569
2.299
1.183
1.228
3.257
2.823
1.258
1.578
1.875
2.489
3.498
24.336
2.215
1.746
1.362
1.743
1.352
1.319
3.110
1.406
1.290
1.044
1.477
2.052
9.448
1.303
8.811
2.907
1.617
4.258
3.353
1.008
2.100
5.391
1.672
1.054
2.019
2.172
7.149
1.117
3.707
1.071
1.206
1.280
1.773
1.325
14.697
1.382
1.624
2.051
1.097
4.298
8.440
1.188
1.176
1.259
1.181
12.222
35.669
3.025
14.656
1.512
10.128
2.033
2.341
1.650
1.338
1.668
2.648
2.777
1.192
1.298
13.934
1.180
4.050
1.192
2.906
1.025
5.232
3.170
2.432
2.224
3.963
1.206
2.023
5.160
1.315
3.000
1.166
3.164
1.094
1.973
1.355
2.121
2.142
1.793
1.154
1.045
1.477
7.420
4.526
1.894
4.306
8.736
1.208
2415.060
1.826
1.602
1.360
1.432
9.839
1.890
3.090
1.261
1.655
1.241
1.090
1.019
1.039
1.961
1.770
4.544
2.600
1.086
3.344
1.899
1.407
25.183
1.540
1.050
3.379
1.038
1.063
1.257
4.222
1.757
2.064
4.796
2.002
1.210
14.888
4.160
1.551
1.194
23.639
4.651
1.362
1.147
1.773
12.395
4.786
1.206
1.032
1.984
2.448
5.249
1.438
6.798
1.257
1.060
5.330
1.821
2.053
1.089
3.633
1.866
1.159
1.085
1.042
6.934
1.001
1.034
1.035
1.170
1.172
1.086
2.157
1.793
2.805
1.060
1.351
1.027
20.901
1.851
1.036
2.597
1.054
2.350
8.173
1.556
1.885
4.623
16.954
1.128
1.241
1.807
10.008
4.261
1.214
1.058
1.630
2.869
1.009
1.205
1.591
26.666
1.411
1.717
1.214
1.353
1.055
2.003
1.478
1.251
1.078
26.038
1.268
4.104
1.720
1.620
5.190
1.630
1.792
1.042
1.221
1.986
2.017
12.304
1.696
1.350
4.423
1.761
1.949
1.002
11.176
3.961
1.607
1.166
2.361
19.784
5.445
1.030
1.263
5.307
2.605
1.954
2.302
1.249
1.041
1.001
14.792
1.922
1.821
2.300
3.697
2.483
1.325
1.131
1.051
21.071
2.365
3.803
1.150
7.380
10.924
1.422
8.907
5.277
1.120
1.415
1.210
