4.326
4.169
2.250
24.869
7.016
1.307
1.253
1.147
6.349
1.136
12.964
14.270
1.006
2.664
1.141
4.554
5.925
1.342
2.210
2.299
1.537
1.330
14.363
2.196
1.080
592.806
1.828
3.667
2.246
2349.606
4.141
3.646
1.282
1.484
1.417
1.215
68.135
13.716
2.581
3.704
3.222
1.205
1.246
14.411
92.524
4.381
1.312
1.111
1.772
2.340
53.000
2.228
1.105
5.564
3.816
1.124
1.286
5.256
3.670
6.387
4.347
6.118
7.167
2.288
46.637
1.267
3.060
4.221
2.077
8.905
1.513
2.145
1.785
9.139
2.503
5.426
1.714
3.220
2.002
2.514
12.112
1.581
59.301
1.326
1.621
1.050
4.816
47.788
101.438
14.565
2.119
14.966
3.404
2.064
1.387
1.138
1.587
1.852
6.963
4.145
3.764
1.009
1.110
18.291
1.408
1.340
20.082
5.803
77.040
2.736
4.884
1.332
3.222
11.792
2.301
1.628
18.091
18.465
7.643
2.305
1.395
4.982
1.426
2.620
1.121
22.346
1.055
5.960
1.137
1.825
15.489
4.752
2.779
16.792
1730.154
3.588
1.817
1.074
1.754
1.343
2.204
5.723
10.649
31.386
3.594
1.799
24.572
6.030
2.039
6.442
1.916
1.518
143.135
1.603
4.693
4.505
3.927
1.734
2.408
2.581
3.506
1.290
2.252
1.981
4.971
1.509
15.487
1.377
39.302
2.608
5.806
24.784
1.409
3.080
16.142
12.528
3.585
1.596
8.554
3.666
97.999
16.886
1.194
1.126
2.583
1.108
2.475
1.357
1.701
1.924
1.391
1.232
1.132
1.077
11.663
2.845
1.117
6.019
1.750
2.243
5.859
29.926
4.635
2.732
1.010
99.713
1.523
2.922
3.952
5.017
20.155
1.958
2.956
5.089
1.162
2.237
7.212
1.259
1.484
1.147
3.827
8.938
1.407
1.060
2.779
1.109
2.108
2.101
1.537
1.181
1.050
2.454
156.020
22.165
29.995
1.162
2.351
1.530
1.181
2.430
4294.458
3.949
1.032
1.047
4.007
2.797
2.112
4.256
1.117
4.925
2.538
1.888
2.992
1.475
2.855
1.003
8.079
1.062
1.029
3.971
2.527
130.826
3.473
18.669
1.738
31.719
1.420
2.104
2.625
4.628
1.760
1.578
3.625
28.952
2.739
7.247
4.993
9.531
1.887
6.438
2.800
3.365
989.397
4.488
1.101
1.235
1.069
5.602
1.183
1.465
23.169
2.392
4.269
2.108
13.366
2.068
2.531
1.580
1.813
12.874
1.435
2.554
1.846
8.088
5.626
2.288
1.827
17.431
3.074
239.667
2.259
1.469
1.916
1.443
1.674
16.815
8.439
1.306
1.342
3.369
3.608
1.846
1.035
1.346
6.794
3.661
20.951
10.276
218.147
1.146
1.129
1.901
978.376
1.999
9.526
5.844
3.141
2.755
1.276
1.964
3.227
5.349
1.981
163.968
1.444
7.416
4.428
13.988
2.500
3.599
2.477
9.904
19.487
1.475
2.759
5.356
196.723
1.367
4.919
40.967
1.036
3.031
2.452
1.129
1.160
2.309
1.578
3.189
1.081
2.424
14.210
6.584
1.264
1.467
2.038
1.638
1.175
8.407
2.553
1.921
1.155
1.018
1.020
6.724
2.122
32.930
1.018
1.182
1.289
3.077
3.211
1.687
1.004
1.103
1.589
1.753
1.958
2.190
5.071
2.611
1.066
2.073
1.302
1.154
2.262
1.593
40.441
1.617
8.573
9.981
1.873
17.562
3.339
1.893
2.835
2.439
4.674
4.066
1.499
1.437
1.091
6.362
3.652
1.897
5.941
1.302
1.619
3.325
3.140
9.401
3.857
3.678
3.196
2.963
1.469
266.249
1.508
1005.928
4.351
16.188
159.818
1.519
1.927
2.996
3.182
1.739
1.596
1.331
3.556
1.332
6.423
3.893
11.623
3.025
2.506
4.101
13.792
1.403
2.175
142.033
4.563
1.027
6.249
7.314
5.731
1.771
1.942
1.989
2.673
1.855
1.526
2.953
84.781
6.188
6.626
1.528
1.402
1.914
1.241
5.536
1.006
5.705
1.059
1.291
3.078
2.617
1.168
1.168
11.206
1.649
2.098
3.245
1.398
3.250
3.064
1.281
1.961
5.367
1.946
53.090
2.121
2.112
1.966
2.547
1.044
1.350
2.607
1.337
1.519
1.149
102.664
7.438
1.422
14.657
6.056
2.307
1.299
16.516
7.962
5.562
20.300
9.080
3.507
2.962
1.316
1.015
2.925
1.683
2.463
78.918
1.956
5.644
2.885
1.242
1.445
4.312
2.360
1.127
15.019
304.997
1.479
4.752
21.242
12.968
10.355
1.047
2.571
17.289
1.213
4.699
1.128
1.296
1.009
1.202
13.196
1.541
2.951
1.141
2.076
69.844
6.946
3.762
6.688
1.349
1.014
1.378
1.366
2.188
1.168
5.677
1.274
1.339
4.224
56.212
1.761
1.752
19.150
1.851
6.434
14.326
20.258
10.752
27.030
1.854
1.769
1.934
107.956
1.167
14.531
37.488
5.126
28.612
1.517
1.800
1.449
21.424
1.024
57.738
1.314
3.540
1.170
4.927
2.181
2.806
5.816
31.655
1.184
7.258
9.434
2.065
1.671
2.407
1.881
6.667
27.037
1.328
3.010
1.380
1.022
29.397
2.580
1.283
1.088
2.629
4.430
2.078
4.471
1.622
6.909
2.315
4.278
1.808
10.173
8.818
5.143
1264.419
1.978
2.514
7.616
3.476
1.133
1.419
3.123
1.136
2.740
37.540
1.735
3.646
5.420
101.224
1.173
5.934
1.628
1.216
1.246
89.679
9.617
22.443
1.044
1.469
1.751
472.831
1.094
1.043
6.051
2.508
1.705
3.734
2.410
1.930
161.420
3.042
6.730
1.125
1.305
1.107
1.354
6.577
3.723
2.871
2.644
1.368
3.999
12.444
1.941
4.671
5.322
8.049
49.258
2.498
4.570
2.467
6.411
3.127
8.329
141.947
1.601
1.669
1.548
1.312
1.387
7.068
5.174
1.418
2.342
1.305
7.109
11.663
159.144
3.683
8.855
1.048
30.566
2217.210
1.587
2.238
1.470
1.036
2.014
1.190
3.633
1.574
1.295
5.295
2.876
2.262
1.885
1.442
1.022
1.230
3.042
3.588
7.029
1.143
7.388
2.734
2.742
7.805
1.935
12.360
1.313
1.657
1.862
3.617
2.234
3.998
1.875
11.259
1.636
1.200
7.078
4.323
39.515
12.897
1.534
1.148
2.431
5.213
2.625
1.487
1.279
1.017
1.244
4.914
2.660
23.816
1.484
3.579
1.100
1.560
3.941
1.022
2.887
2.772
1.011
1.642
3.499
6.128
1.332
5.690
21.699
1.229
3.618
6.226
2.229
2.141
3.155
18.580
1.220
42.471
1.147
1.725
6.844
4.376
1.253
1.941
3.706
51.372
10.557
2.953
1.475
1.629
2.609
7.072
2.972
3.716
1.203
1.475
9.975
118.468
17.633
1.399
1.831
1.013
2.890
2.723
2.613
147.319
2.092
1.141
21.726
12.166
1.983
2.288
19.436
3.923
1.428
16.501
6.299
1.332
1.039
2.276
2.408
27.663
6.739
26.343
2.700
3.270
1.158
90.490
2.046
2.320
3.502
3.630
24.525
6.917
1.142
14.738
3.121
5.997
1.141
2.324
8.063
1.094
7.705
1.090
100.352
10.027
1.362
576.696
8.530
2.610
1.201
9.293
1.116
1.065
5316.584
2.629
2.904
12.348
2.393
2.478
1.140
1.387
1.129
1.254
3.018
11.423
1.237
5.028
1.571
2.367
1.021
4.600
3.531
2.321
3.685
1.392
6.544
1.111
2.936
5.404
1.678
1.059
1.152
3.302
6.782
2.978
15.893
3.552
6.730
2.268
14.362
1.064
46.510
1.504
7.675
1.176
14.056
7.640
2.472
2.906
4.517
2.832
3.950
1.833
16.341
1525.251
1.311
1.049
2.917
20.141
1.387
1.739
100.330
2.020
1.019
5.837
15.794
3.493
1.176
31.371
17.544
3.062
13.789
6.338
46.557
8.330
1.733
1.326
1.278
4.733
2.249
2.018
1.188
1.478
3.547
1.657
2.344
1.187
1.056
4.403
1.155
247.968
1.057
1.194
1.659
6.976
1.486
1.709
1.629
3.676
1.025
1.068
4.986
1.167
1.092
1.135
3.506
2.003
7.647
1.446
1.202
1.551
13.138
18.869
1.111
1.294
2.954
7.313
2.246
3.863
1.445
5.330
11.694
1.520
1.390
2.108
9.138
289.475
2.312
5.359
3.064
12.024
2.610
8.987
1.612
1.131
4.972
5.875
