10.762
1.616
1.224
6.828
3.446
1.018
152.371
5.946
21.028
63.632
4.912
1.387
31.041
1.996
4.404
6.321
1.084
7.160
1.065
1.631
271.328
1.048
2.979
12.474
2.907
1.085
2.004
1.613
1.572
3.930
2.956
1.957
2.293
3.312
28.878
1.491
1.113
4.321
1.945
1.131
1.657
1.016
2.019
1.478
5.235
2.126
3.464
1.101
1.291
5.214
1.894
1.213
9.675
4.041
10.501
1.775
5.016
1189.235
2.965
1.394
1.085
1.131
1.194
2.015
1.329
1.258
1.233
3.505
15.540
1.880
3.987
2.900
6.504
1.720
25.161
4.871
1.023
1.249
2.084
1.146
1.712
6.246
1.585
22.670
1.228
1.049
3.605
1.070
4.553
101.278
1.756
5.918
2.291
1.191
3697.629
8.081
3.655
2.914
1.646
6.803
1.286
5.009
16.551
5.503
1.861
14.700
1.142
1.808
20.423
3.525
4.812
1.566
7.806
1.901
1.271
1.523
1.555
3.657
2.443
1.835
1.374
3.242
2.298
7.405
1.072
3.856
1.310
1.504
14.928
8.581
3.114
3.331
1.238
1.502
1.187
5.308
4.451
2.315
4.375
1.392
1.887
9.978
1.696
4.536
18.854
2.087
227.950
3.790
4.553
1.520
4.089
3.713
1.821
1.995
1.796
1.439
34.335
3.249
3.474
2.913
2.837
1.031
6.769
1.589
4.865
1.475
1.705
1.097
7.548
1.217
2.279
25.550
2.367
178.801
2.925
5.944
5.865
16.182
2.147
3.323
1.695
3.722
5.115
26.249
1.031
1.635
2.003
14.598
9.557
41.798
2.653
37.995
1.221
1.962
1.764
1.273
12.230
3.376
1.505
81.146
14.562
7.128
1.679
1.663
1.973
1.445
6.803
1.011
1.294
9.122
1.735
7.718
6.461
1.094
7.416
1.824
3.612
10.486
3.173
1.154
1.344
2.103
2.636
45.134
3.109
5.616
4.800
1.118
4.161
27.720
1.006
1.323
51.330
3.985
5.014
1.040
15.398
3.264
5.887
32.231
1.406
23.731
2.159
1.034
5.824
6.380
3.286
28.156
4.403
13.651
1.713
2.698
2.260
13.217
1.299
4.155
1.784
1.893
28.526
2.938
6.180
1.136
4.025
1.324
5.440
4.626
1.926
1.776
2.076
5.672
14290.370
1.003
6.484
1.010
11.965
1.945
1.516
2.067
3.650
3.295
1.140
1.557
1.080
1.558
1.983
4.479
2.454
6.012
16.819
9.496
50.898
1.008
35.778
8.065
1.796
45.998
22.956
100.778
3.170
3.139
2.955
2.961
87.466
9.911
2.891
2.310
5.733
1.006
33.203
118.834
1.736
1.255
7.495
2.785
3.306
1.176
1.414
2.695
1.931
119.632
1.146
1.001
1.302
4.606
9.188
1.075
5.063
44.439
39.653
1.070
3.317
14.486
1.422
2.290
39.480
1.832
4.771
1.027
118.413
1.434
1.002
3.142
274.549
1.059
32.401
4.417
16.815
2.005
127.259
2.539
4.351
3.807
2.147
20.879
8.548
4.337
2.983
3.883
5.023
128.502
2.586
1.336
2.807
8.312
3.929
23.627
6.601
3.428
1.066
1.747
1.420
3.610
11.559
6.272
1.134
2.822
5.521
3.266
2.149
1.623
5.595
3.198
17.713
1.033
1.010
4.517
80.906
1.685
1.094
1.231
1.105
1.421
1.070
1.216
32.985
6.798
3.385
4.286
1.813
1.681
1831.774
1.270
1.453
4.820
3.191
1.338
4.187
1.011
1.616
2.409
8.859
1.286
1.686
62.077
12.910
1.255
1.593
1.294
1.769
8.996
4.808
1.116
17.620
2.019
1.105
2.941
1.201
1.472
3.745
2.059
12.106
1.951
30.204
1.187
1.131
73.026
3.654
1.170
2.679
1.994
14.435
4.654
2.725
1.131
1.421
1.262
5.824
2.627
1.264
4.312
11.975
1.175
1.245
1.196
1.929
5.060
5.878
4.993
3.196
2.034
2.264
1.752
279.363
5.544
1.241
4.919
1.329
11.701
1.449
1.524
2.626
8.906
8.631
4.050
2.938
4.361
2.626
2.827
7.700
6.679
1.285
1.035
6.623
46.970
20.214
7.585
3.004
1.793
1.211
1.130
1.349
1.254
3.578
1.144
2.221
1.076
519.490
1.991
1.957
3.082
2.317
9.103
1.192
5.446
1.979
4.463
3.306
1.501
3.949
1.856
1.013
2.665
2.383
41956.173
2.021
9.231
1.351
25.461
1.502
1.421
3.459
1.439
2.173
1.264
5.583
1.919
5.605
1.135
2.552
5.494
1.483
2.135
1.381
2.946
4.062
1.123
1.392
1.628
1.201
1.735
6.685
1.270
2.007
4.855
1.027
1.089
3.889
1.489
1.100
17.542
1.211
2.106
11.230
1.555
3.222
13.815
3.014
2.169
21.180
1.042
1.014
1.401
6.705
1.565
1.305
4.503
1.209
5.937
4.657
1.269
2.497
1.692
1.134
5.071
28.492
1.212
1.486
1.505
1.025
16.039
5.392
3.452
1.141
1.203
1.202
870.144
11.988
10.657
1.657
7.248
9.578
1.743
3.961
1.341
7.920
1.468
2.752
1.402
2.352
23.219
5.367
47.731
34.032
1.205
1.370
2.913
10.462
1.420
5.670
1.107
1.565
24.537
2.079
3.793
1.249
1.087
169.287
2.117
54.544
1.066
2.207
1.531
5.330
5.771
34.798
1.793
1.217
1.442
2.932
303.018
3.562
5.044
1.420
4.255
1.898
2.502
3.071
7.962
1.763
6.396
3.331
8.583
497.580
1.770
29.624
1.811
2.227
1.127
1.213
1.073
22.580
3.355
15.342
1.344
8.043
128.001
4.625
5.898
13.939
14.158
46.471
19.225
2.335
1.860
3.263
1.330
7.093
7.670
17.671
9.301
4.088
1.225
2.097
3.446
4.528
119.080
4.340
1.188
1.872
1.308
1.030
1.259
7.666
1.775
31.289
1.681
1.420
1.299
1.770
5.456
1.068
5.472
2.314
2.663
2.544
3.189
5.572
1.110
1.323
183.227
1.026
3.534
501.952
2.248
1.585
1.222
2.469
1.045
1.959
1.243
6.956
19.715
1.818
1.592
2.202
5.927
5.268
8.841
1.180
1.544
66.077
214.270
2.058
2.153
1.289
1.617
1.762
20.538
1.581
18.024
229.957
3.419
2.184
2.080
15.727
1.008
1.002
1.149
1.960
4.869
7.271
185.557
5.119
6.721
7.875
1.927
1.085
2.400
1.211
1.668
9.398
2.269
1.271
6.003
2.227
4.812
3.895
29.389
2.286
1.385
1.099
42.569
21.749
5.956
9.108
10.243
8.892
1.628
1.329
2.575
1.165
1.815
3.558
5.519
42.920
1.773
1.265
6.469
54.197
15.136
1.938
1.393
27.689
3.173
1.035
4.322
1.331
4.049
2.319
13.123
1.326
9.239
1.548
44.819
238.312
56.491
1.302
1.433
1.764
19.791
1.478
1.138
5.710
2.133
10.241
20.180
2.076
11.025
7.806
2.047
6.005
2.948
2.529
153.101
1.299
1.213
1.160
1.060
1.612
3.731
1.103
1.070
2.344
10.875
1.675
10.102
4.706
2.727
2.524
4.152
1.323
2.870
1.080
6.231
7.967
1.010
1.177
12.109
1.984
1.555
1.684
17.769
3.647
9.845
5.773
1.608
101.037
5.328
11.488
1.436
3.041
1.546
9.652
1.790
2.509
1.260
35.059
3.399
1.600
2.666
2.703
9.111
3.374
3.770
7.260
124.163
4.043
13.502
8.873
4.059
3.363
40.061
1.476
2.113
2.154
1.477
1.225
2.048
1.492
4.172
1.371
128.919
102.802
2.597
2.538
1.003
13.400
2.242
2.005
1.407
7.349
7.370
18.850
72.146
2.364
2.527
16.381
1.099
7.700
51.199
281.787
1.173
78.454
77.816
2.499
1.045
3.710
1.211
2.670
1.975
7.087
5.582
1.525
2.632
3.550
2.112
1.264
10.521
1.655
1.679
3.872
1.995
7.433
5.418
5.420
656.830
2.104
1.080
1.693
6.240
1.182
2.412
1.857
1.039
2.099
1.013
45.892
39.229
7.077
17.100
19.778
3.959
1.064
1.628
3.634
4.558
4.793
2.355
12.109
2029.272
1.719
1441.380
4.085
5.149
2.281
7.664
1.098
3.698
2.075
1.003
4.415
1.192
56.724
20.225
87.537
1.990
1.462
1.199
1.290
1.787
2.493
1.306
1.773
3.399
1.989
2.771
1.207
2.143
1.686
3.063
18.285
7.023
1.036
1.552
1.314
3.395
2.558
1.155
1.208
1.486
1.308
70.323
196.937
2.240
46.281
1.816
1.376
1.458
2.137
1.820
