1.709
2.527
2.571
39.550
1.196
1.564
1.456
2.201
2.390
80.744
2.172
10.424
3.442
8.137
2.242
1.768
2.581
4.417
3.057
9.844
7.067
2.833
3.253
77.821
1.174
11.803
1.135
8.997
2.247
1.075
2.806
1.013
1.112
7.894
1.029
6.117
2.786
1.068
1.176
3.586
1.944
1.586
1.333
4.217
2.418
10.953
1.151
1.353
1.246
1.844
4.787
1.750
4.281
1.478
1.158
1.050
3.958
1.502
1.881
3.385
4.023
7.438
2.436
4.064
4.776
1.899
3.921
2.923
2.317
1.835
1.839
1.490
10.679
1.308
1.053
2.135
1.829
2.426
7445.831
1.305
1.624
1.477
3.776
6.472
1.048
1.301
1.944
1.990
1.196
1.490
2.821
2.120
2.327
10.608
21.344
1.034
1.279
36.798
5.087
2.760
1.012
1.888
2.578
1.919
1.355
1.236
12.155
1.387
3.852
1.134
1.309
1.774
1.257
1.782
4.765
3.429
1.104
43.154
1.157
2.922
2.051
8.691
4.287
6.450
5.379
3.920
12.000
5.592
1.130
1.399
7.968
1.084
2.078
4.143
7.295
3.092
1.033
3.543
20.395
8.177
109.159
9.792
3.136
5.641
1.128
2.121
2.927
1.229
1.315
13.806
1.196
1.217
1.177
4.336
5.975
1.188
113.896
1.004
1.064
1.762
1.075
1.229
4.867
1.701
2.952
1.669
2.495
1.303
2.726
4.431
71.350
9.986
1.272
43.140
2.064
1.244
1.063
23.582
2.261
31.171
1.476
1.260
1.019
2.241
8.333
1.604
1.625
2.182
2.405
1.448
3.887
18.800
11.789
2.088
1.588
1.484
18.206
1.267
1.190
3.785
5.601
3.359
3.393
6240.702
1.905
6.329
1.421
4.003
1.845
4.699
7.296
2.969
1.416
2.267
5.349
1.095
1.789
1.516
1.063
2.837
2.840
4.899
4.007
24.227
185.525
1.517
1.782
120.497
1.364
2.022
494.018
20.394
1.957
5.112
6.117
4.601
1.002
1.612
5.020
2.313
7.941
1.022
4.277
1.099
2.391
4.921
2.361
9.348
2.022
1.299
7.073
3.675
2.572
9.802
1.619
5.525
1.274
2.650
3.656
1.237
1.981
1.021
2.167
3.170
4.128
21.793
3.240
1.265
2.849
1941.920
1.409
1.658
6.365
1.317
13.761
33.473
1.165
2.806
2.497
225.205
1.369
1.986
1.762
3.125
1.569
2.309
1.242
3.839
7.655
348.910
4.813
2.839
2.708
3.086
33.046
1.003
1.905
1.504
18.112
1.351
1.042
1.542
1.278
2.592
4.595
1.604
4.389
1.453
1.168
1.722
2.564
12.361
1.674
3.185
1.493
3.253
1.924
1.747
2.369
7.514
1.394
1.815
39.014
5.024
2.779
1.102
2.073
3.570
3.163
5.182
12.280
4.172
1.298
4.418
1.001
1.364
10.539
19.263
2.223
1.144
12.381
1.988
2.013
45.632
1.493
4.928
15.905
14.452
5.378
12.619
2.706
9.838
3.012
14.457
3.272
12.000
12.537
4.336
4.998
4.154
1.583
2.518
5.216
1.960
1.180
81.840
1.870
1.803
5.458
1.309
17.332
1.827
9.838
1.193
42.412
3.628
9.110
1.096
2.100
11.151
2.609
1.425
1.885
1.080
1.307
1.326
1.522
1.311
16.231
26.970
1.482
2.556
2.381
1.272
24.711
10.248
8.577
20.108
1.726
1.176
8.828
1.131
1.271
5.320
2.607
4.954
1.322
10.334
268.083
1.120
11.499
2.632
1.931
1.393
1.452
4.584
1.859
21.118
3.162
1.041
5.489
14.335
16.275
2.501
1.251
1.153
3.382
1.580
1.398
8.476
6.011
2.541
1.728
4.670
3.040
1.735
2.026
14535.470
2.816
14.127
1.035
1.646
1.016
42.053
13.509
5.015
21.762
16.995
2.668
1.131
190.673
1.333
1.166
2.222
1.429
1.198
1.165
4.551
1.787
1.490
1.604
6.450
1.184
1.604
1.015
5.224
1.083
1.660
1.959
7.328
1.228
1.445
8.453
1.187
1.307
154.625
3.813
2.080
23.390
1.304
42.156
4.707
2.971
3.452
7.888
2.088
1.036
15.286
2.217
1.751
1.562
1.238
6.296
2.008
1.626
1.678
9.944
1.439
14.625
1.317
2.163
1.993
24.251
33.553
1.031
1.502
1.093
1.046
1.769
16.942
22.654
3.259
3.078
3.039
1.707
31.338
1.852
4.473
14.576
2.004
3.963
2.640
1.689
1.671
1.128
49.073
1.018
1.539
1.477
6.402
1.143
3.706
2.430
22.728
3.352
1.150
1.387
1.084
2.989
1.244
1.199
1.144
1.342
43.835
1.221
2.444
8.620
11.371
37.294
3.143
38.578
74.914
9.697
2.454
31.903
1.709
2.188
2.321
3.020
1.257
1.193
2.859
1.165
201.035
8.904
2.304
1.969
14.754
1.263
5.512
2.056
1.208
1.494
2.435
5.486
2.063
1.032
1.613
1.465
2.029
1.260
375.605
1.806
1.144
3.566
4.196
1543.857
1.746
1.717
1.111
31.672
3.508
1.234
10.913
4.161
4.932
2.483
1.682
7.630
1.124
6.193
2.243
19.994
13.150
13.549
7.361
1.043
1.115
1.904
2.105
13.574
1.772
7.560
28.192
1.317
1.469
1.578
1.762
1.060
1.882
5.686
1.414
9.056
1.266
1.582
2.314
1.870
1.093
1.918
1.214
9.532
1.755
1.176
1.557
1.032
1.935
1.221
6.130
6.150
2.622
6.407
6.953
8.386
3.367
8.708
2.467
1.391
1.465
1.140
2.346
1.330
49.589
6.275
56.247
1.226
2.385
1.296
2.193
3.591
2.132
13.964
1.480
2.298
1.929
1.214
3.496
1.503
2.060
3.300
35.781
14.514
2.792
2.134
2.505
1.074
2.781
1.280
10.501
4.634
1.072
5.119
1.318
1.027
1.158
1.517
1.448
2.608
1.895
310.760
2.499
11.487
8.829
1.597
14.161
5.052
1.235
23.303
1.391
4.721
6.131
557.346
5.105
2.254
112.023
10.409
2.403
5.379
7.171
399.359
3.467
1.357
1.198
1.270
2.634
198.137
8.346
1.464
3.672
2.617
6.371
8.065
1.601
4.312
24.534
3.384
5.074
9.989
13.814
2.689
1.777
3.394
27.436
1.894
3.733
1.030
1.054
16.562
1.662
10.147
28.502
3.725
2.138
1.034
7.414
1.500
1.648
1.338
9.903
9.414
1.101
1.495
1.370
1.048
3.185
4.603
1.002
7.173
2.110
2.642
1.165
1.239
1.033
3.841
8.447
2.120
5.433
5.146
1.596
1.078
1.771
1.483
3.356
10.856
1.963
1.220
1.534
8.960
1.087
3.910
5.378
1.256
710.273
4.004
3.838
2.279
1.392
3.705
1.865
2.644
8.105
9.496
1.418
2.039
1.076
9.051
10.535
9.573
1.681
6.892
476.181
36.000
1.188
3.150
3.781
1.205
464.253
2.603
1.236
23.241
1.180
47.789
1.524
2.248
1.653
1.403
10.935
29.429
10.120
2.146
1.321
3.648
1.142
2.767
1.079
3.218
4.760
1.090
3.822
5.471
2.507
76.025
1.220
33.111
15.535
5.469
1.402
1.139
1.226
1.223
11.326
35.857
42.922
12.352
1.498
7.748
1.913
1.356
1.038
1.100
1.879
15.108
89.766
1.640
1.722
1.053
17.083
1.645
1.295
1.369
57.699
4.973
2.387
2.821
2.369
31.274
2.477
1.393
1.282
35.700
1.422
1.575
1.202
4.450
1.175
14.235
10.296
1.210
1.362
2.062
2.869
8.457
1.071
1.061
3.688
24.619
22.483
1.472
2.416
1.770
3.541
2.253
4.043
34.449
18.354
2.507
20.641
1.082
2.029
1.018
1.437
63.333
1.173
3.002
2.715
3.641
711.891
1.060
1.037
1.741
1.432
9.478
47.975
4.106
3.633
1.855
1.878
11.473
12.287
1.378
2.479
1.516
1.100
24.944
1.105
15.151
1.580
103.281
6.648
1.318
4.894
1.590
9.588
3.057
4.850
5.150
1.789
5.830
2.105
1.582
2.842
1.569
3.375
1.043
1.055
1.117
6.052
1.025
7.001
1.001
1.816
11.756
917.473
1.484
1.230
3.165
24.359
10.337
35.943
1.499
1.837
1.541
1.589
2.532
3.102
4.305
10.457
3.075
1.279
1.995
2.337
6.422
16.329
3.357
31.764
2.040
2854.353
1.206
2.476
1.191
2.697
1.670
8.269
1.463
1.607
1.952
1.249
3.748
1.026
1.066
1.222
26.626
7.336
38.146
3.646
1.841
1.800
1.086
1.013
2.837
15.653
