6.942
1.211
2.105
1.732
1.397
7.874
1.190
1.387
3.885
2.141
1.674
1.908
4.014
8.846
2.600
1.278
1.853
9.472
1.355
1.732
1.516
1.180
20.480
1.938
1.455
1.158
1.948
1.255
1.027
5.533
1.836
7.059
6.961
2.335
2.188
1.266
7.752
7.824
1.733
6.287
4.028
3.112
5.190
3.364
1.549
6.187
1.148
1.292
2.929
4.530
1.078
4.189
4.195
11.150
15.705
1.714
2.001
7.642
6.603
30.173
1.404
2.374
1.849
3.411
2.759
1.180
3.869
3.292
1.177
1.058
1.497
1.434
61.742
1.284
1.078
70.263
2.936
1.521
1.343
1.540
1.360
3.181
5.588
1.304
1.416
1.509
1.196
2.838
3.779
1.911
2.412
1.511
1.548
1.503
3.283
2.232
2.233
2.639
1.134
1.344
2.062
1.160
1.712
2.807
50.767
1.085
1.039
1.416
6.971
3.395
2.632
5.475
1.973
7.731
1.515
4.794
1.597
1.192
1.544
3.376
3.767
1.119
1.698
1.310
14.856
1.582
5.250
2.577
1.798
1.095
11.730
1.200
1.407
1.466
1.455
5.708
1.437
9.110
5.169
3.606
1.008
2.584
1.925
2.133
1.821
20.964
2.156
2.116
5.248
2.781
100.342
1.198
1.432
1.568
17.794
1.547
8.919
2.139
1.467
2.477
1.159
2.170
12.389
1.406
1.271
1.051
1.070
1.633
1.754
69.342
1.155
4.525
2.278
2.624
10.482
3.277
2.063
2.408
1.516
2.080
1.127
1.246
13.849
2.584
3.131
2.556
1.523
1.431
2.258
2.525
1.296
2.304
2.177
1.538
1.147
1.877
1.651
2.792
4.431
2.612
1.026
2.457
2.350
1.917
4.653
17.992
1.245
1.720
2.470
2.984
1.514
1.415
2.365
1.620
3.898
2.241
104.618
3.016
1.393
2.106
1.505
1.310
1.656
19.330
1.569
17.502
1.095
1.332
2.547
1.785
1.264
1.676
22.435
3.332
2.545
14.413
1.230
1.134
1.485
1.154
1.397
5.885
1.676
66.015
2.263
2.884
1.093
1.640
1.022
8.660
15.269
16.545
1.867
9.518
1.913
1.303
2.957
1.026
11.081
2.118
1.341
2.266
1.961
2.208
1.399
3.564
1.614
1.161
1.565
1.917
1.337
1.481
2.668
1.116
3.212
8.493
1.101
1.817
3.714
1.811
1.376
1.594
2.728
1.359
1.010
1.113
3.371
1.029
1.039
49.155
1.277
37.064
5.467
1.226
1.104
2.473
4.007
4.395
1.020
2.832
1.701
3.647
1.756
1.517
7.210
1.413
1.925
2.763
6.536
3.149
1.654
4.362
1.422
1.568
2.075
2.059
1.175
2.254
2.330
1.201
1.090
1.249
3.091
2.820
1.003
4.366
7.948
1.017
1.409
19.721
1.475
1.724
2.848
1.179
1.393
1.456
1.621
9.633
1.416
9.908
1.565
3.549
1.096
1.234
1.370
17.790
2.883
1.938
1.967
51.555
3.188
3.594
3.308
7.939
1.622
1.004
2.522
4.669
2.049
1.073
1.650
1.306
1.106
1.101
1.704
3.054
3.953
1.389
250.835
2.121
6.362
1.136
1.219
3.709
6.408
1.205
1.752
2.663
1.558
9.405
1.847
3.101
3.305
1.326
1.159
2.354
4.071
1.270
3.159
1.397
1.829
1.575
13.699
3.392
1.756
1.491
1.484
1.418
1.776
17.591
1.096
1.146
1.365
11.232
1.924
3.373
10.474
2.156
4.373
2.044
1.627
7.966
1.416
7.066
1.342
1.560
3.074
8.578
2.987
7.225
1.249
3.993
1.015
1.826
2.036
1.043
1.002
1.816
151.611
2.895
1.172
1.361
8.362
1.307
1.267
1.726
1.088
2.357
1.439
1.312
2.061
3.246
1.061
3.174
2.258
2.091
1.647
1.376
1.211
3.131
1.520
1.182
2.754
1.376
1.660
1.914
1.109
1.291
2.072
1.308
1.667
67.865
4.691
7.647
2.879
1.946
1.183
3.052
17.845
2.172
2.675
2.650
1.416
2.075
1.171
2.104
2.467
3.308
5.993
4.010
1.018
1.862
3.049
2.182
5.541
1.035
3.835
1.264
1.867
12.801
1.030
1.908
1.184
4.352
3.038
1.256
1.293
3.438
1.063
5.814
1.959
3.086
6.223
1.493
1.555
2.083
1.894
13.184
1.677
1.579
1.781
3.133
51.121
5.024
1.835
2.595
2.034
5.288
2.034
1.071
1.966
1.747
4.823
4.441
4.478
89.411
1.327
4.297
1.510
3.810
1.688
1.137
1.734
1.316
1.107
1.283
1.179
32.329
1.188
2.829
2.152
2.666
2.553
1.497
1.738
2.133
32.314
1.259
1.001
11.657
39.292
2.101
1.099
1.767
5.658
1.741
1.143
74.001
1.467
11.583
9.364
1.431
8.320
1.028
2.096
2.232
1.849
1.033
3.028
2.112
1.032
1.066
1.262
2.255
1.404
1.525
13.332
3.326
39.546
1.506
1.342
1.404
1.310
9.716
2.434
1.108
2.482
1.060
3.498
1.113
2.007
1.202
1.832
4.484
1.113
26.574
8.381
3.694
3.033
3.588
3.137
1.130
1.276
1.075
1.314
1.100
2.052
1.823
1.058
2.222
1.975
2.390
8.438
1.324
1.160
1.365
1.187
4.263
53.649
1.570
6.096
1.155
1.360
1.067
5.175
2.653
4.048
1.685
2.307
4.643
1.915
1.596
1.041
1.221
1.063
6.298
2.458
1.442
7.019
1.316
1.859
2.175
1.208
1.384
22.285
1.176
1.353
1.005
1.453
7.037
1.390
3.555
1.156
1.658
2.303
1.521
1.311
1.569
1.026
2.191
1.411
1.387
4.359
1.099
9.494
2.398
1.530
1.100
4.620
2.889
3.533
1.157
1.758
5.675
2.193
4.194
3.259
2.298
3.670
1.966
1.418
5.478
1.469
8.160
1.060
1.374
1.640
1.549
2.797
3.861
1.013
1.646
1.524
1.240
1.618
3.986
3.060
1.319
3.799
3.388
1.427
1.273
2.039
1.032
2.030
2.317
6.677
4.155
6.327
3.116
1.005
1.049
5.321
1.687
1.030
8.733
6.772
4.561
2.093
1.272
1.054
1.598
1.909
1.733
1.171
1.141
13.967
3.899
1.114
3.857
1.510
1.767
2.872
26.486
7.847
2.421
1.455
1.954
1.518
10.374
3.943
1.186
3.592
3.156
12.248
2.622
1.412
19.071
5.662
1.062
92.278
1.436
21.125
2.127
2.744
1.861
6.487
2.366
4.026
1.050
7.559
1.913
2.575
6.832
1.041
1.093
1.443
1.298
2.101
12.794
6.719
1.092
2.970
3.336
2.635
6.150
5.629
1.837
4.076
1.165
7.309
8.177
1.058
2.160
1.199
2.247
1.277
13.043
6.597
2.360
1.079
16.127
21.825
1.515
1.103
3.848
1.232
2.003
1.378
10.808
1.268
12.880
1.995
4.401
20.017
1.320
1.273
1.994
1.042
1.518
1.571
1.098
4.396
2.021
6.513
19.269
1.034
1.205
1.072
1.198
1.780
4.168
1.770
1.121
3.483
1.864
3.301
2.433
3.852
1.115
1.035
1.135
1.741
4.913
1.049
2.144
3.837
1.016
1.504
1.301
2.909
1.299
2.924
8.698
1.994
5.186
2.764
1.153
3.562
3.951
2.527
1.915
1.172
1.154
1.425
1.320
1.339
3.325
2.555
1.118
3.040
5.028
4.399
3.770
17.742
2.179
1.533
1.295
13.943
2.986
1.191
1.290
1.118
1.877
1.236
1.152
1.030
1.843
1.502
3.558
1.842
2.393
2.128
1.617
1.706
2.896
3.408
4.103
167.063
1.338
1.381
4.517
1.420
2.059
1.571
51.213
1.107
1.151
4.585
1.152
1.504
1.296
1.948
6.017
2.579
1.157
1.610
8.196
29.628
1.106
10.633
2.039
1.417
1.553
6.775
1.240
3.126
6.401
3.137
1.204
1.826
11.718
1.916
7.763
2.792
1.069
11.124
2.068
3.790
1.870
2.210
1.453
1.188
49.026
3.687
1.256
4.199
2.675
1.734
1.124
1.738
3.124
1.424
4.954
4.092
1.285
1.749
1.181
5.246
5.817
1.437
1.528
1.018
2.060
4.206
1.001
1.427
4.319
1.227
1.478
1.534
1.017
1.288
4.530
1.290
14.397
9.316
1.570
18.236
1.891
1.367
6.449
1.622
5.241
2.512
13.096
1.778
2.572
11.499
6.719
4.336
2.432
1.209
2.812
3.707
1.824
1.884
1.070
3.594
4.998
7.482
1.052
2.549
1.298
1.162
1.023
1.117
1.822
1.324
1.013
