3.257
4.764
7.374
2.911
1.263
2.102
6.836
1.073
9.546
10.243
6.355
3.213
1.218
1.270
1.019
3.396
4.591
1.666
6.494
1.141
2.659
1.477
2.102
1.950
21.381
5.455
2.538
1.363
18.555
1.134
9.625
2.993
2.168
3.755
1.305
1.838
1.068
2.683
5.104
1.308
1.220
3.840
2.032
1.707
3.451
3.822
1.703
5.903
1.334
5.752
1.369
2.038
2.997
2.006
2.562
1.044
2.175
1.349
3.992
1.469
4.644
1.042
12.017
1.395
1.312
1.709
1.602
1.385
2.007
1.641
1.161
1.466
18.141
1.310
1.630
1.346
3.523
1.488
2.106
4.416
2.055
1.244
1.430
3.150
1.413
1.988
1.358
1.806
2.113
2.091
1.522
1.713
4.677
1.026
1.056
2.387
1.071
2.907
2.388
1.169
3.234
5.142
1.157
3.883
1.764
1.056
75.617
4.344
1.175
3.292
1.790
2.608
2.799
1.446
1.603
1.916
1.903
2.481
2.678
6.561
1.083
1.744
1.167
5.235
1.053
1.439
1.553
1.179
1069.234
3.135
1.488
1.258
2.211
1.047
5.569
3.602
1.058
3.668
133.499
4.087
1.053
1.524
2.359
8.919
3.620
1.965
10.728
1.020
8.456
1.320
2.490
9.394
23.421
1.459
22.659
1.761
1.624
1.387
1.563
2.974
2.768
1.220
1.768
2.545
1.821
1.241
1.036
1.342
15.433
3.729
3.035
1.413
1.476
7.106
4.132
1.081
2.071
1.755
3.787
1.222
6.911
7.431
1.895
1.102
5.544
7.568
11.167
2.421
3.698
5.007
1.527
78.931
1.807
468.357
1.185
1.226
1.553
2.175
1.117
1.054
1.594
3.342
1.482
1.761
11.645
2.957
18.914
4.510
1.365
1.659
1.739
2.385
1.394
1.229
1.181
1.033
1.140
1.480
2.198
15.500
1.734
40.274
1.982
1.068
1.695
4.115
1.694
2.982
1.208
1.245
2.162
1.223
2.965
2.040
1.505
7.340
1.464
3.746
1.326
18.219
1.583
1.156
1.968
1.342
67.012
2.200
2.505
3.259
1.014
1.259
1.234
1.819
1.120
1.196
1.244
4.892
14.175
1.241
2.121
1.399
11.026
2.403
1.155
3.893
16.566
2.942
2.452
83.858
1.330
5.479
1.021
5.494
53.690
1.014
3.941
1.502
2.956
41.977
1.262
1.245
6.214
3.092
3.465
2.281
1.845
1.715
1.082
1.015
1.246
1.514
1.498
1.151
3.099
1.220
1.320
1.184
1.031
2.664
2.579
14.589
1.269
2.950
1.829
2.294
14.116
1.040
3.200
1.055
7.976
16.777
6.817
2.093
1.727
3.469
1.034
1.278
1.200
1.209
1.876
1.825
5.087
4.798
3.912
1.898
12.146
3.183
3.890
6.427
1.006
57.598
5.293
2.988
3.953
2.548
3.294
7.536
3.200
5.391
1.572
4.999
1.131
1.164
2.249
2.736
1.266
1.400
1.116
2.285
1.340
2.164
1.100
5.102
1.382
2.623
1.508
7.063
2.726
6.519
29.666
15.972
2.702
1.164
5.351
1.718
3.102
1.350
3.997
1.103
2.432
1.008
3.107
2.340
1.386
1.696
1.299
1.572
1.025
1.046
1.861
1.010
1.541
2.353
1.876
1.550
1.516
1.034
5.643
1.242
2.223
3.765
5.782
1.062
6.616
1.466
3.897
1.166
1.280
2.359
18.102
11.071
4.316
1.061
1.229
1.624
1.270
3.896
16.781
1.132
5.073
1.322
1.218
3.381
1.282
1.218
2.671
5.933
1.620
2.432
1.140
15.005
4.253
2.185
15.158
1.881
1.313
2.957
1.219
1.207
1.073
21.993
3.867
1.596
1.057
10.881
3.361
4.492
1.687
3.424
1.007
1.041
1.505
1.435
2.568
34.872
1.418
1.043
3.409
1.053
1.911
1.456
9.801
2.161
1.440
1.151
3.024
1.899
1.033
5.190
3.735
1.386
2.241
9.201
1.844
1.043
1.774
2.288
1.342
3.644
1.973
1.417
1.579
1.493
7.319
2.789
3.362
1.383
5.455
1.706
75.247
7.558
1.315
6.121
1.025
1.210
1.698
3.377
5.241
9.663
1.065
8.672
1.502
2.208
1.960
2.233
3.524
1.059
92.126
6.431
1.088
1.317
2.066
1.292
21.113
1.163
1.090
3.592
6.735
1.693
3.280
2.559
1.110
192.051
1.491
5.586
4.532
1.134
1.683
1.545
3.518
15.642
8.280
1.238
1.162
3.585
1.029
2.062
1.774
13.642
1.300
2.999
9.150
4.849
3.873
25.048
1.944
1.356
1.057
1.315
1.491
1.543
4.691
1.241
1.534
1.325
2.596
1.273
1.959
1.462
1.829
1.137
1.234
1.015
6.376
1980.621
2.048
19.456
4.008
3.140
1.704
1.871
1.293
84.738
1.159
1.091
1.318
14.998
1.983
1.221
1.042
2.795
2.255
2.357
84.105
1.703
4.985
1.796
5.624
1.199
1.254
2.431
2.039
3.492
10.465
7.479
1.538
1.605
2.268
1.221
1.559
2.573
1.522
1.677
1.254
1.453
1.250
1.570
1.134
1.179
1.565
1.263
2.108
2.250
2.285
2.213
1.411
2.386
16.685
6.940
1.625
7.475
3.346
1.651
10.948
4.796
1.727
1.291
1.758
1.270
1.496
1.818
2.518
1.060
2.150
1.600
1.312
3.545
25.987
1.354
1.216
138.943
1.262
2.073
1.120
8.444
2851.038
3.860
1.274
2.117
2.244
2.528
2.148
1.110
1.492
1.975
2.072
1.100
1.552
1.736
5.944
14.393
1.057
1.498
1.747
2.178
2.736
2.570
1.494
5.741
3.038
1.385
1.041
4.135
19.988
1.410
2.357
1.273
1.683
1.579
1.001
4.531
1.514
2.007
1.078
17.638
1.201
1.013
3.127
1.393
1.017
4.698
2.325
1.318
8.692
6.054
1.331
2.359
2.695
3.145
6.396
4.448
1.073
1.469
5.074
4.082
1.396
1.736
1.240
2.358
1.919
3.494
1.170
2.367
7.012
1.523
1.142
2.958
6.228
2.494
6.867
3.212
1.309
1.093
21.034
2.154
3.117
5.066
1.106
1.018
2.921
1.050
1.300
1.242
1.160
1.662
5.717
1.323
1.768
2.082
1.216
1.551
6.785
1.708
3.879
1.460
1.160
1.011
1.503
1.076
1.377
3.830
2.227
1.005
1.618
3.309
2.054
2.291
12.858
1.514
1.083
4.442
5.011
1.203
5.295
2.337
2.237
1.253
1.619
24.051
5.598
1.735
5.535
1.166
3.985
3.490
1.230
29.016
2.240
7.422
1.028
5.152
2.615
2.484
1.130
1.079
1.675
3.080
1.466
1.292
1.010
1.452
3.094
157.549
7.217
2.297
4.152
1.508
1.205
11.732
4.336
16.928
1.521
1.432
4.382
4.146
15.855
1.973
1.035
1.955
5.484
1.628
1.114
1294.798
1.053
2.405
4.382
1.202
1.497
1.399
3.574
2.242
1.058
1.043
1.451
6.001
2.294
1.947
5.251
3.183
1.320
1.668
1.608
12.013
3.104
1.186
1.502
1.176
40.739
2.727
1.291
2.182
2.379
5.771
1.225
7.233
1.020
2.685
20.764
94.752
8.062
1.332
1.287
2.613
2.566
1.070
2.191
7.758
4.333
6.614
1.302
2.088
1.003
1.262
3.481
1.406
1.237
7.392
1.127
1.227
48.645
2.959
44.014
1.995
4.753
4.503
2.472
4.017
1.364
1.841
3.547
1.993
2.081
1.326
1.152
2.464
1.395
1.606
8.922
1.579
6.206
2.039
1.760
2.478
1.875
1.865
1.126
6.394
1.982
1.073
1.100
1.305
11.790
1.071
1.244
8.187
1.631
1.533
1.180
2.088
1.652
1.089
1.185
13.805
1.688
1.607
1.574
1.103
3.701
3.124
2.676
1.685
13.380
2.155
1.680
1.182
1.810
4.501
1.120
1.543
1.124
1.303
3.640
3.588
14.980
1.311
1.021
8.950
1.366
5.180
1.162
2.190
1.986
2.372
1.165
2.448
1.692
1.027
1.372
2.523
1.792
2.834
2.742
1.212
1.931
1.064
1.113
1.625
1.635
2.235
2.727
1.673
63.500
7.841
2.395
2.120
1.104
1.222
5.767
1.018
1.064
1.458
1.312
7.399
1.096
1.936
2.076
1.342
1.305
4.924
7.201
5.177
7.670
31.123
1.153
29.655
8.491
2.140
2.968
1.250
1.535
1.249
1.394
1.340
1.559
2.494
5.630
1.473
14.458
2.581
4.056
3.093
11.643
3.752
2.824
1.192
1.446
1.916
26.963
1.116
1.061
1.143
