8.000
82.311
5.867
2.141
2.385
19.848
8.636
56.218
2.339
6.150
7.762
7.583
2.156
6.996
13.976
3.409
3.117
24.526
1.620
13.375
10.797
3.001
100.866
1.021
3.561
19.939
3.291
2.320
16.320
1.169
1.961
4.474
7.685
1.244
9.339
30.746
1.569
1213.427
650.752
2.019
8.272
1.212
344.471
2.261
4.130
1.998
5.111
1.771
6.352
2.388
1.779
1.243
3.464
72.491
41.596
1.307
8.144
3.605
1.226
108.252
2.110
1.082
1.172
1.445
1.944
7.402
11.180
4.840
18.881
1.363
1.468
2.319
365.998
2.210
2.797
2.088
1.176
6.310
2.926
1.786
6.221
1.224
3.383
2.199
2.969
7.096
1.755
5.514
1.188
1.341
1.670
1.008
3.011
1.094
147.274
12.705
2.657
8.940
17.160
2.330
20.419
3.170
2.433
72.428
16.294
10.136
4.228
1.086
14.768
2.983
1.805
2.451
1.087
1.187
474.962
39.774
1.823
33.677
1.373
13.297
421.237
1.024
1.479
1.993
3.114
1.462
1.118
2.073
6.198
1.208
1.319
2.081
1.347
1.164
3.087
1.270
23.549
29.540
134.450
11.614
3.812
5.951
5.065
1.389
24.734
13.728
90.268
1.819
4.974
33.738
2.172
10.642
4.607
1.544
1.473
423.685
1.344
5.511
60.103
72.437
1.279
2.850
5.161
1.184
1.578
12.375
1.735
131.283
3.296
8.450
4.871
53.933
3.864
1.146
3.867
174.721
2.015
1.143
2.180
24.019
2.036
2036.627
12.948
1.661
121.111
4.667
3.546
1.201
1.886
3.613
52.727
1.361
4.253
12.849
2.842
2.673
2.522
5.773
2.115
1.145
137.894
1.969
6.420
18703.839
3.491
170.688
17.474
326.583
10.469
1.408
1.070
3.377
1.842
4.595
2.070
5.256
4.324
54.058
1.547
1.657
1.482
13979.709
34.835
1.043
1.075
1.212
1.446
15.609
3.314
1.058
35.661
103.773
1.016
8.283
1.280
4.600
15.034
14.005
7.981
16.978
29.876
1.790
1.933
1.148
1.101
1.454
2.016
3.858
1.078
2.003
1.271
3.359
13.267
37.507
1.584
255.312
11.963
1.062
4.391
6.607
1.051
1.206
10325.662
6.751
1.035
2.280
5.751
1.450
37.192
43.124
2.276
1.679
6.490
3.615
3.283
1.730
1.731
2.820
11.476
2.103
12.378
3.217
1.452
3.653
5.200
1.099
2.244
4.918
27.275
1.167
4.096
17.530
3.651
7.674
9.122
3.213
6.484
5.264
11.221
3.856
1.343
4.424
234.801
59.678
25.194
3.208
115.958
2.216
26.506
8.341
1.425
1.266
93.499
2.450
3.424
2.768
19.057
49.935
2.501
1.676
4.365
82.974
1.470
3.295
2.287
1.628
1.202
1.785
2.228
1.255
1.858
2.843
8.378
369.909
2.852
1.399
287.623
2.343
7.144
4.841
5.949
44.781
2.292
52.068
11.780
73.922
2.796
2.329
22.975
1.101
1.872
2.425
1497.316
6.198
1.107
1.489
2.667
1.207
1.368
1.438
3845.195
2.850
2.827
46.013
1.763
1.536
2.057
1.255
5.368
3.222
37.018
4.028
7.513
1.079
10.414
2.945
6.199
2.997
1.954
1189.549
3.591
1.803
13.789
1.446
1.027
3.225
2.085
2.684
6.011
1.360
4.617
18.709
1.726
18.968
35.727
1.426
1.068
2.965
1.347
502.954
66.959
1.214
1.556
1.377
5.862
2.281
2.403
16.188
2.215
14.682
1.134
70.133
2.468
1.632
7.101
1.620
1.049
11.119
13.503
9.466
1.037
1.398
4.072
3.270
10.493
1874.475
2.042
4.570
5.539
38.799
1.091
25.135
2.369
1.140
8.446
1.421
5915.341
1.939
27.392
1.686
1.214
1.859
39.987
7.954
2.258
6.602
4.582
1.117
9.921
8.788
513.953
1.023
1.460
6.963
1.624
1062.337
29.179
29.441
2.619
16.910
1.689
2.250
3.246
14.283
8.237
70.860
32.818
13.097
1.562
2.743
2.531
1.461
1.689
1.040
5.964
2.728
1.088
2.894
2.856
5.023
1.819
7.617
1.286
7.032
3.509
1.369
3.269
2.281
7.089
2.335
1.387
1.094
7.112
1.048
22.420
1.072
1.284
30.616
130.352
2.863
1.048
1.820
2.493
1374.396
13.736
2.275
1.147
15.622
550.442
203.302
2.235
1.192
2.327
63.641
1.830
1.330
1.463
1.271
5.766
20.710
2.114
12.583
1024.424
257.295
2.208
7.266
3.132
1.782
67.148
3.328
1.593
250.092
4.201
2.114
2.994
1.322
1.516
1.354
4.042
1.386
39.641
3.512
1.020
2.373
8.595
2706.255
1.081
12.365
22.168
24.881
2.166
2.362
4.049
11.230
1.220
5.361
1.334
1.357
2.875
2.050
4.971
1.594
18.550
3.563
1.739
11.709
13.935
2.446
250.779
20.426
4.471
2.708
6.111
24.891
2.539
1.156
5.990
9.384
4.867
1.852
349.621
2.579
2.621
4.851
2.107
1789.470
1.039
2.072
19.446
1.140
3.663
153.262
1.223
1.483
73.188
2.591
215.856
1.532
1.397
1.396
4.890
1.008
1.119
1865.795
9.746
3.613
2.165
1.453
1.649
1.180
7.893
2.868
42.604
2248.362
1271.748
7.933
2.213
1.193
3.045
1.401
9.716
2.483
2.157
6.083
2.363
5.644
2.712
10.991
3.060
1.180
1.537
2.741
3.179
1.530
3.056
10.716
4.161
16.365
1.356
11.403
3.269
24.136
6.819
62.475
4.591
1.114
70.648
1.198
2.452
4.295
10227.888
1.905
1.929
12.426
1.349
1.204
1.236
1.033
6.467
1.766
3166.875
16.609
2.860
1.107
10.807
1.004
1.789
3.513
1.617
1.769
4594.998
32.903
3.139
20.007
3.990
2.014
1.267
2.720
2.238
3.014
4.317
6.283
2.119
4.182
11.966
1.646
2.889
1.316
2.395
2.806
2.951
3.952
206.693
1.595
3.475
5.026
2.083
1.525
1.144
9.306
1.490
8.146
1.399
165.882
1.067
1.855
4.021
43.339
22.523
27.321
7.733
4.725
2.129
1.076
2.290
1.321
2.280
16.058
1.590
1.530
74.794
36.205
4.451
1.580
1.870
33.396
10.079
1.995
1.477
2.208
57.974
120.887
58.585
7.105
1571.219
605.218
49.989
18.007
2.201
1.058
2.039
3.417
4.913
14.598
3.122
6.075
1.023
2.272
8.655
1.145
1.548
1.642
8.953
1.348
1.041
27.524
5935.693
1.231
46.936
2.347
79.641
1.688
2.954
1.063
2.272
1.491
26.752
2.167
2.920
1.037
17.471
189109.020
20.788
55.940
6.230
2.741
1.038
2.023
1.379
8.748
5.285
252.295
49.365
21.041
2.411
5.435
1.192
1.192
5.131
1.086
119.203
2.263
12.936
4.238
1.010
2.344
9.399
1.757
2.111
2.328
31.339
1.049
7.815
6.793
1.938
5.378
22.732
2.588
1.009
18.749
1.284
18.058
908.129
2.920
1.888
3.309
31.715
1.577
2.724
63.983
1.879
5.303
1.207
19.638
3.714
2.334
1.169
4.762
2.812
5.710
2.475
38.699
4603.314
3.098
3.748
10.026
1655.378
9.294
12.798
45.007
6.423
703.339
3.643
8.827
1.175
25.510
1.316
1.294
1.365
10.004
1.185
3.670
27.481
810.835
2.455
12.646
2.576
35.428
4.458
24.148
5.927
3.092
1.216
1.266
179.063
1.713
1.788
119.944
2.018
291.480
2.131
57.146
1.795
1.593
23.841
1.320
1.130
6.373
5.253
2.762
2.465
1.365
3.583
1.176
2.354
1.153
65.599
42.354
1.235
1.824
1.101
12.813
1.083
1.134
90.921
38.578
3.775
2.254
3.206
2.121
48.933
1.719
12.749
1.606
2.689
11.347
15.204
2.435
1.049
1.361
2.085
12.377
1.325
3.866
620.378
1.299
15.814
5.887
1.060
10.217
1.079
1.249
1.003
353.874
3.652
1.163
53.437
44.767
1470.207
10.871
13.190
390.446
610.416
27.875
1.218
1.063
34.308
3.887
8.208
2.999
1.677
3.837
2.340
6.951
1.236
1.304
2.801
1.018
3.981
13.693
129.484
1.575
3.983
3.237
3.189
2.223
1.513
11.002
89.106
9.490
1.493
2.236
1.246
1.369
3.023
6.716
1.500
1.043
983.132
2.250
6.565
10.176
436.442
1.514
2.346
46.062
6.551
1.720
1.637
1.108
6.662
1.201
1.124
30.174
13.523
8.000
4.044
1.599
1.080
1.055
3.167
3.098
1.077
1.049
17.554
2.959
17.687
1.080
2.135
102.878
