2.833
5.683
2.827
1.463
1.087
9.149
1.115
2.117
5.561
11.813
1.265
1.223
3.315
1.866
1.248
4.449
1.693
2.538
4.006
1.357
1.889
1.312
1.321
1.200
3.018
2.540
1.947
691.053
1.286
2.716
7.923
1.752
3.827
1.965
1.024
1.202
4.018
2.234
1.134
1.638
1.692
1.273
1.084
51.565
1.183
1.105
9.128
1.965
8.995
2.460
2.537
3.326
7.965
5.100
1.561
8.854
3.651
1.129
26.278
1.428
1.621
1.178
2.128
1.698
1.085
1.039
2.135
1.041
2.485
1.355
1.105
1.570
117.189
1.214
1.413
2.365
2.847
1.238
1.648
3.940
54.257
2.627
5.868
3.752
1.759
4.287
1.482
2.313
1.943
2.275
1.283
1.277
1.225
1.790
3.973
1.043
2.754
17.365
14.738
2.655
6.351
1.711
1.329
2.178
1.103
16.714
2.934
1.309
3.110
1.743
1.086
16.083
1.084
1.816
11.165
1.512
10.658
5.056
5.590
1.283
1.172
1.631
7.256
2.858
3.754
2.774
3.040
2.782
2.356
2.120
1.963
2.491
1.189
1.003
1.110
6.786
1.193
20.879
1.315
1.820
1.347
4.196
1.452
1.136
2.628
1.130
3.539
3.142
1.000
1.737
2.219
3.523
1.560
2.531
1.221
1.021
1.282
1.366
1.533
2.070
5.075
5.155
3.372
26.861
2.058
2.397
6.511
6.666
1.492
11.513
1.632
1.529
1.196
1.698
5.176
1.118
1.571
1.126
1.431
22.810
1.061
3.097
17.622
1.177
26.589
5.511
1.525
2.208
1.425
14.798
1.282
1.106
1.292
3.057
1.198
2.174
2.303
3.596
1.962
1.635
3.156
4.243
8.838
3.122
2.123
3.985
3.672
3.162
1.741
1.771
1.925
1.462
2.612
1.154
70.191
19.853
1.908
4.006
1.005
1.832
1.178
1.396
1.454
5.723
6.992
1.112
2.787
2.042
24.585
4.078
12.465
16.194
1.426
2.890
2.689
48.330
4.934
1.173
1.754
1.444
7.756
1.401
1.676
4.355
1.201
4.126
3.388
5.689
12.889
1.092
2.854
1.133
1.901
1.799
2.477
11.298
1.302
1.646
7.371
1.093
1.398
1.664
2.670
2.149
7.847
2.530
1.349
1.068
1.157
1.246
8.017
1.018
2.775
2.931
1.304
8.098
2.185
15.374
1.330
1.865
1.300
1.984
1.080
3.108
1.786
2.632
2.367
1.314
4.317
2.624
2.937
3.024
1.548
15.957
1.149
2.724
2.226
1.400
2.111
1.002
4.959
1.033
2.177
1.281
3.051
1.866
1.725
56.163
3.092
1.963
1.030
1.875
1.405
1.262
1.475
6.930
2.947
1.032
7.512
1.748
1.325
1.693
2.010
4.623
12.723
1.729
11.381
60.666
8.111
12.039
1.582
1.719
2.506
2.401
1.571
2.609
2.166
3.167
1.856
3.423
3.881
2.145
8.217
1.198
1.276
2.597
1.460
1.210
8.735
2.627
1.230
17.930
1.105
2.176
8.808
1.181
1.715
1.306
12.639
2.412
1.118
1.232
5.027
1.544
3.774
1.424
1.329
1.152
1.008
17.994
2.939
5.433
1.607
6.896
1.196
16.767
1.806
10.745
1.069
2.277
2.722
8.819
1.615
1.384
1.091
29.256
16.940
1.221
1.766
3.921
9.235
15.411
15.361
2.914
2.033
55.977
2.095
1.433
1.122
1.939
10.323
3.942
1.803
2.395
8.972
1.122
1.932
3.430
1.534
2.938
1.988
15.555
3.072
1.740
1.464
1.681
1.054
1.926
6.004
131.226
1.213
2.499
1.218
1.094
1.105
1.087
1.297
2.566
1.434
2.584
1.038
1.529
3.711
1.377
1.059
1.149
23.436
15.148
1.575
2.066
1.246
1.474
38.310
3.197
1.040
2.389
4.817
2.624
1.481
8.422
14.054
1.277
1.323
139.685
4.513
1.297
3.549
1.392
2.477
823.705
1.283
2.925
1.797
2.797
11.090
3.982
1.518
2.771
1.540
1.026
3.586
1.134
1.182
2.590
5.570
1.571
1.229
4.560
24.059
1.789
2.088
1.583
3.501
4.472
1.023
1.163
2.597
2.366
9.566
1.346
1.375
5.041
4.126
125.029
3.984
1.250
1.915
1.652
1.904
1.002
2.040
2.806
1.281
1.122
1.876
1.287
2.014
1.180
3.329
3.427
6.431
1.419
8.446
3.689
1.660
3.036
9.019
3.447
1.213
3.239
1.443
1.221
2.575
1.429
15.481
758.334
21.665
8.581
1.743
1.036
13.656
25.984
16.102
1.277
1.604
1.473
1.145
5.553
1.033
4.819
3.553
5.364
77.642
1.007
11.804
2.520
23.093
1.843
2.481
10.992
1.886
1.482
18.632
15.503
1.794
3.881
6.199
1.781
5.568
44.723
1.296
1.481
1.415
11.428
1.540
82.862
1.603
2.609
1.491
1.608
2.204
9.856
10.485
1.530
4.294
3.721
1.954
1.006
25.510
3.648
5.673
2.936
2.014
1.298
1.163
1.558
1.227
6168.102
1.214
2.463
1.239
5.189
1.227
5.533
10.106
1.161
4.597
1.113
9.216
2.621
10.515
8.884
1.468
1.058
1.248
1.363
1.282
40.940
1.078
2.413
183.417
109.009
1.037
1.632
16.576
3.867
1.131
3.165
1.131
1.146
2.716
1.882
2.650
1.214
1.382
1.391
5.804
4.608
2.339
3.653
2.827
1.858
1.224
1.102
35.103
1.369
26.701
1.548
290.768
5.244
4.256
1.780
28.680
4.893
2.545
1.986
1.360
1.713
2.789
1.492
4.053
1.243
6.078
1.219
1.219
13.548
1.645
1.406
1.675
1.070
10.242
7.080
2.969
1.180
3.461
1.153
1.021
1.108
1.210
1.392
3.383
1.054
13.773
3.416
1.442
1.072
4.210
29.230
6.848
1.064
2.395
1.139
7.025
2.679
2.498
1.083
2.195
1.777
4.538
2.749
2.406
1.549
1.188
1.376
1.075
1.144
1.943
4.378
3.741
1.042
6.806
3.532
2.391
9.735
1.075
5.407
1.407
1.369
1.572
12.274
4.809
1.386
1.020
1.085
1.855
1.713
1.801
5.965
1.061
5.063
1.663
8.846
1.303
44.167
1.371
1.673
1.047
1.717
2.308
1.795
5.943
1.537
7.313
1.337
6.614
3.702
1.476
1.021
1.030
4.742
1.112
2.051
2.002
1.288
1.062
2.232
1.568
13.936
1.970
2.517
1.461
1.754
1.951
1.256
4.738
1.963
1.312
4.483
2.824
4.454
1.075
1.437
1.230
1.257
1.197
3.286
1.383
1.528
2.204
1.428
2.741
1.943
24.610
37.473
3.829
17.751
1.000
1.361
1.564
1.212
2.360
7.026
8.848
8.122
1.335
3.127
2.528
7.360
37.614
2.789
1.098
2.445
5.787
32.081
3.831
1.173
1.765
1.495
2.373
1.228
1.502
3.238
96.336
1.358
3.125
2.485
1.104
7.540
2.325
1.923
2.056
3.838
3.261
1.326
1.518
2.035
169.549
1.077
1.108
1.091
1.849
21.304
3.362
1.224
1.205
1.981
3.840
1.432
11.803
1.106
1.642
1.873
2.125
1.918
1.224
1.073
2.096
1.578
1.825
2.690
4.301
1.628
2.117
1.623
1.480
7.924
3.321
13.031
1.323
90.728
1.354
1.761
3.147
2.737
2.415
1.589
1.343
9.548
133.077
4.371
1.461
1.784
2.039
1.197
1.632
11.811
1.164
1.350
5.886
1.732
14.369
3.952
2.503
1.753
1.336
1.307
2.334
1.042
1.214
2.823
2.321
7.133
1.717
3.753
1.211
1.339
5.435
1.778
1.284
37.873
1.116
2.120
4.411
2.439
8.904
1.017
2.965
4.167
1.216
2.234
2.835
1.010
3.048
2.249
2.764
1.067
1.141
1.077
1.948
2.078
3.023
27.094
2.779
17.854
1.863
3.722
1.229
2.931
228.200
1.042
1.247
1.128
16.382
8.805
1.817
4.569
7.495
1.552
1.340
10.657
6.491
7.055
1.543
5.352
3.085
1.580
5.936
1.162
1.789
2.181
2.294
1.194
8.083
1.122
1.395
1.497
12.858
2.124
1.315
1.108
2.053
2.236
3.230
42.678
2.875
1.509
1.260
1.530
1.280
49.713
1.091
3.618
1.723
1.075
2.131
2.316
32.891
6.454
4.815
3.215
1.274
4.667
2.310
7.026
1.080
73.978
3.918
1.249
1.398
1.028
1.351
7.573
3.864
3.503
1.024
8.808
2.051
2.548
2.015
4.755
1.807
1.332
3.087
35.461
1.236
1.890
35.749
1.495
1.234
1.415
