13.079
2.995
1.429
1.449
1.128
3.866
1.051
5.735
9.056
1.382
2.525
1.339
1.209
3.037
4.565
2.368
10.493
2.029
1.617
2.302
1.594
1.912
7.402
3.955
1.130
1.135
1.422
4.351
2.709
26.802
2.230
1.878
1.608
7.604
4.415
3.296
6.033
2.452
2.906
3.311
47.402
1.619
2.369
4.150
1.045
1.554
1.646
1.139
6.257
4.518
1.125
1.299
5.869
2.494
15.228
14.407
1.606
8.003
20.883
1.269
8.355
2.433
1.915
4.369
1.014
1.487
1.563
3.467
27.634
1.196
1.619
2.513
3.027
1.680
2.102
2.167
3.593
2.301
1.484
3.080
1.391
1.139
3.518
3.243
1.042
24.342
11.858
2.400
4.064
16.539
1.209
34.644
1.557
31.655
13.942
1.367
1.180
4.578
3.186
2.266
1.360
1.307
1.802
1.771
1.980
1.679
1.583
2.138
20.781
1.682
1.755
4.930
15.254
4.645
2.644
32.375
1.503
1.936
1.356
588.078
6.394
5.876
2.639
1.071
1.230
99.239
2.234
2.175
1.264
1.421
6428.936
1.272
1.009
3.846
9.682
1.020
1.277
1.597
1.891
3.312
3.017
1.106
1.148
1.320
1.293
3.252
3.106
1.766
2.346
2.401
4.086
4.682
3.976
3.856
8.463
2.520
1.474
1.032
1.721
1.500
3.271
3.333
253.261
1.591
1.339
1.425
1.140
3.172
1.134
2.694
5.100
1.911
4.294
35.253
1.749
1.304
1.038
5.478
83.377
3.307
7.171
31.287
10.374
5.681
1.063
9.790
22.114
15.936
10.374
1.149
1.243
1.758
2.359
1.163
2.127
1.640
47.298
696.837
24.097
10.023
2.163
1.350
7.250
5.279
8.553
9.666
4.691
1.486
3.625
1.565
1.040
1.428
2.162
19.742
3.673
1.374
1.123
2.307
1.726
2.790
48.511
1.138
4.064
4.154
2.015
1.040
1.673
45.504
1.128
4.638
2.796
4.068
2.922
1.490
1.600
16.105
3.348
1.999
2.863
3.363
2.216
1.143
1.218
4.057
2.003
4.703
1.227
11.893
5.441
2.966
1.330
7.003
4.667
1.975
7.383
1.136
1.554
2.202
12.938
8.646
2.527
1.556
2.926
9.393
7.859
1.236
13.258
1.672
1.714
2.292
2.569
2.288
2.910
1.898
4.948
3.774
1.493
4.859
1.737
1.190
1.378
5.208
1.361
2.560
1.113
1.015
5.994
3.934
1.629
5.238
7.651
2.120
2.749
1.905
49.052
3.482
1.229
1.008
9.558
1.183
1.786
2.207
13.507
17.575
2.155
1.596
2.497
3.326
1.209
3.967
1.912
45.517
1.085
1.818
1.306
2.295
5.421
1.824
2.424
1.035
12.586
1.140
12.089
22.765
1.815
4.119
7.170
2.234
15.485
1.521
1.429
1.566
40.024
1.755
1.106
35.246
1.424
7.502
1.118
7.067
1.342
1.183
2.262
1.951
60.354
3.034
5.699
8.100
2.832
1.599
1.329
1.454
8.464
3.972
1.434
7.926
1.631
1.576
18.528
20.460
1.097
2.539
1.707
1.112
1.744
4.453
1.036
1.011
1.842
6.587
2.909
1.483
1.017
1.230
1.618
1.179
5.640
24.669
3.265
1.270
6.684
2.736
1.795
7.174
1.111
11.904
4.790
21.139
3.841
2.853
1.315
1.340
4.213
42.772
1.839
4.629
1.110
1.207
209.342
5.062
14.607
3.279
6.407
2.111
1.322
2.291
1.535
4.045
36.960
4.054
3.306
3.733
4.985
1.103
1.361
1034.421
1.610
1.327
3.234
4.630
206.690
1.379
3.008
2.665
2.197
3.342
2.282
1.172
2.450
1.648
1.681
3.931
2.260
1.515
7.495
1.864
3.853
2.610
2.141
1.653
3.491
2.912
4.572
1.385
2.076
7.509
5.085
1.270
2.576
5.998
1.104
1.118
1.768
1.407
1.807
37.041
1.158
128.782
9.267
1.842
1.807
7.111
2.524
1.325
2.807
12.587
4.753
1.423
6.768
1.054
2.290
7.834
15.335
1.871
10.105
1.587
1.423
3.318
5.571
246.798
1.070
1.097
3.496
1.076
2.980
64.056
1.645
2.101
1.017
1.080
1.578
1.119
1.319
1.908
2.623
1.360
1.112
4.057
3.825
1.103
20.447
4.744
1.920
1.005
16.862
21.261
1.489
14.307
4.720
1.017
4.728
1.106
1.107
4.228
1.041
5.267
2.828
9.781
1.373
492.997
1.121
2.771
50.222
1.313
1.357
2.956
1.409
1.667
10.548
1.229
1.071
7.797
2.330
4.225
1.036
4.026
1.739
2.642
1.177
6.664
2.897
12.802
1.211
18.485
1.010
1.043
25.362
2.061
1.591
7.979
1.074
1.150
1.299
1.110
2.835
1.943
26.061
1.775
7.466
1.276
5.767
6.864
1.248
2.160
1.548
7.707
3.390
332.066
18.597
1.181
1.178
1.561
1.028
9.092
23.766
1.046
1.454
3.187
9.189
1.356
3.373
73.825
6.248
2.639
1.301
1.089
1.606
1.361
2.135
8.838
1.847
1.611
4.667
3.046
2.068
22.216
1.533
5.390
3.287
309.340
40.073
2.160
2.336
6.423
1.859
1.957
1943.528
1.977
1.056
4.713
1.467
5.693
3.484
8.197
2.044
9.675
26.639
22.049
7.085
1.067
1.072
3.307
15.701
1.286
14.881
1.921
4.088
1.270
1.362
7.092
23.674
2.243
1.065
1.964
2.501
3.423
3.532
7.071
1.084
1.548
19.480
326.263
1.100
3.532
1.296
1.215
4.200
1.486
1.107
1.705
7.744
16.708
4.237
1.938
12.922
26.602
1.046
1.505
1.700
2.601
1.260
1.247
1.256
3.937
1.918
1.340
1.017
3.179
1.854
2.068
3.126
1.395
1.433
5.296
1.342
1.663
1.119
587.236
2.205
3.833
1.105
4.203
27.931
17.487
1.666
1.440
1.025
10.101
1.017
3.097
2.137
1.425
8.485
1.555
1.490
1.080
3.520
14.624
2.966
6.099
63.479
3.423
1.836
1.875
1.569
2.442
2.058
1.051
3.600
1.708
1.821
1.971
1.866
1.078
39.908
1.448
1.190
2.404
2.169
2.553
1.410
1.168
4.349
2.409
1.619
2.099
1.111
1.430
2.063
1.782
3.801
6.183
20.889
11.319
8.827
2.698
1.191
1.083
13.929
1.164
12.995
2.687
2.549
1.273
16.374
18.001
1.338
7.823
1.172
6.084
1.134
1.477
1.811
1.957
1.136
7.752
3.806
15.910
3.674
1.319
2.363
6.389
3.946
4.833
1.052
12.655
5.085
6.781
2.690
2.558
1.222
1.376
1.066
12.311
24.154
1.883
6.198
1.199
78.218
4.472
1.229
1.633
6.001
1.232
2.912
1.201
1.086
1.017
1.991
4.021
2.664
2.097
1.080
1.359
3.195
1.180
2.101
8.667
5.774
1.669
3.977
1.287
2.302
47.198
2.219
1.476
1.103
1.067
7.828
5.376
10.302
3.026
10.954
10.615
1.201
5.621
1.937
1.015
1.347
2.337
1.871
1.311
3.343
6.304
2.710
1.151
1.810
2.312
3.538
1.890
1.088
2.429
6.704
4.236
121.895
1.143
1.205
1.634
1.389
1.914
1.556
1.116
599.497
1.956
5.349
1.705
1.043
2.151
5.494
2.625
10.986
5.330
1.188
1.212
1.152
20.070
2.170
1.024
1.128
2.119
59.249
1.988
1.567
1.589
2.204
1.375
39.521
1.287
2.553
1.317
1.015
3.621
1.600
1.182
5.128
3.244
1.099
3.920
4.100
5.053
34.135
4.348
1.055
2.804
2.286
4.214
4.846
1.299
1.722
1.221
41.098
1.802
22.413
9.918
13.259
1.966
11.875
13.642
12.515
9.780
1.672
1.811
2.739
3.876
1.030
23.841
52.938
1.278
1.191
2.286
7.043
7.202
83.537
10.422
6.346
1.338
2.059
2.371
1.160
3.279
1.066
2.081
3.016
3.452
1.822
1.057
4.747
1.764
1.772
1.980
14.848
1.441
1.152
2.017
1.086
2.894
5.579
2.312
1.600
1.311
2.295
7.303
1.494
2.459
2.327
1.870
1.449
1.695
1.318
1.289
3.821
1.650
3.369
4.473
1.867
1.409
7.616
2.391
4.296
1.000
1.370
1.672
1.070
1.084
4.807
9.445
1.109
1.379
1.780
30.220
6.259
10.239
1.091
1.407
2.133
1.885
8.852
1.578
20.243
139.316
1.314
1.470
1.460
1.316
2.375
3.613
3.783
2.617
1.817
1.020
19.146
1.086
13.142
3.501
17.531
1.831
7.300
4.355
3.696
1.104
