3.880
1.216
1.574
10.631
1.466
1.564
1.240
2.123
14.640
11.509
1.404
4.283
2.688
5.351
3.048
16.025
2.936
1.053
1.173
3.324
6.305
1.576
256.738
1.177
8.843
1.078
4.304
6.642
1.705
5.769
1.047
17.286
1.369
1.926
1.305
4.507
104.055
3.358
3.752
1.828
2.920
14.942
18.263
7.889
1.016
2.294
2.293
1.526
1.582
2.105
3.823
17.482
2.044
11.682
2.839
3.012
1.325
2.130
1.903
29.894
3.701
2.180
8.289
4.683
1.389
2.475
25.265
2.092
2.554
5.744
3.910
1.699
1.805
1.124
1.935
1.558
1.472
14.803
1.185
1.424
1.521
1.260
21.614
1.417
2.804
7.479
1.173
5.128
1.440
39.277
1.694
6.694
2.459
2.082
2.936
1.228
1.791
17.082
1.077
1.109
1.647
32.187
4.817
3.476
1.706
2.045
1.716
1.018
1.002
1.040
2.394
1.428
2.898
1.759
4.690
11.225
4.584
4.958
1.933
1.278
2.152
1.486
20.280
2.035
1.674
7.955
6.557
1.765
14.134
2.430
7.021
4.945
4.057
8.102
1.429
1.771
4.260
20.004
4.684
1.381
1.668
3.247
1.148
4.043
18.286
11.631
1.363
1.494
3.523
47.786
1.281
1.355
2.460
1.365
1.818
1.132
1.295
1.093
14.787
1.444
3.360
1.301
121.082
1.414
111.745
6.598
25.078
1.032
1.571
2.675
1.294
4.943
3.880
11.904
1.871
5.219
1.268
2.606
3.772
1.303
59.262
7.530
1.156
1.699
1.669
44.762
27.623
1.908
4.378
14.794
1.295
2.352
2.340
1.648
3.575
2.683
1.699
2.159
1.770
9.131
1.085
8.035
1.119
1.210
10.947
1.798
1.218
1.245
2.378
7.254
4.411
4.220
2.888
38.746
1.638
5.219
1.051
1.375
3.897
6.746
10.320
1.038
4.898
7.778
9.065
10.073
1.549
1.165
1.805
14269.175
1.021
4.881
1.147
6.100
1.278
10926.527
1.082
1.477
4.125
39.225
53.742
1.416
1.402
5.436
1.604
6.142
1.736
13.917
1.002
2.135
3.947
4.843
3.054
1.017
74.403
1.135
83.678
7.462
1.310
438.889
2.029
1.643
1.126
4.356
1.595
3.908
1.892
10.756
1.604
8.991
1.461
1.369
1.686
6.488
43.230
1.369
3.470
1.508
1.102
2.552
2.701
7.011
15.330
1.113
1.862
11.080
1.166
1.415
2.003
1.074
14.543
3.837
7.855
2.279
3.341
10.091
1.084
2.022
1.235
1.317
1.107
1.206
3.745
4.839
8.747
9.187
83.791
18.836
1.266
1.284
1.351
1.994
3.071
1.009
1.193
1.078
1.377
1.494
2.709
1.468
2.478
7.803
3.113
10.360
12.271
1.858
2.806
3.959
1.300
33.055
1.072
4377.502
1.450
1.086
3.875
1.646
25.798
6.199
3.355
1.011
1.102
1.178
9.344
70.221
1.615
1.967
2.473
1.304
6.511
44.609
13.895
1.252
1.312
29.542
2.824
4.741
1.237
1.720
2.063
1.337
4.935
2.582
2.190
5.008
2.234
1.044
1.770
93.870
5.554
8.558
1.366
1.263
1.263
1.004
123.715
2.853
2.908
1.103
10.726
1.152
3.474
7.724
4.821
2.083
1.133
1.015
5.531
6.111
16.855
1.438
1.271
1.284
4.438
2.508
1.343
7.090
2.492
1.919
1.359
1.859
3.234
1.726
1.460
10.629
1.195
3.585
3.855
5.763
32.420
2.778
10.174
7.446
1.850
1.900
116.348
2.198
1.393
6.615
6.468
2.635
1.355
66.811
1.964
5.422
1.640
1.926
7.485
1.368
1.101
2.576
1.271
1.213
17.820
1.103
1.458
6.391
32.117
2.603
1.093
211.656
1.364
1.391
12.078
12.942
2.289
3.015
1.017
5.517
71.905
1.020
1.857
1.055
1.050
5.771
1.998
17.397
2.460
1.184
16.395
1.404
4.254
1.334
13.158
2.575
1.700
1.015
1.259
1.552
2.665
5.821
1.320
14.054
1.294
1.471
1.701
1.263
1.191
4.484
3.017
1.811
1.206
3.405
177.874
1.422
2.568
170.685
2.081
2.279
6.551
3.339
5.754
1.138
1.671
1.809
9.510
1.552
1.576
1.207
1.482
3.102
1.487
4.222
3.191
3.772
2.981
502.609
15.320
6.465
1.050
2.879
1.113
1.440
2.497
10.119
1.675
11.083
1.495
2.117
6.070
2.455
1.150
1.310
1.349
26.379
2.044
1.940
1.265
1.299
12.429
1.767
3.797
3.544
261.358
181.638
1.668
11.495
3.355
2.167
1.918
5.116
2.209
1.082
1.891
5.451
9.954
1.003
1.101
1.415
6.371
1.166
5.796
1.391
2.501
1.674
26.210
2.216
1.294
1.100
4.922
1.417
10.132
32.528
1.811
3.593
1.928
1.530
2.500
29.084
1.365
14.730
12.844
1.003
1.446
14.791
1.136
1.890
10.783
1.915
251.331
7.600
3.137
2.038
4.401
62.198
27.735
1.473
2.056
1.668
7.049
7.617
13.401
6.235
3.740
7.576
1.512
3.659
1.040
4.280
1.644
2.476
8.340
1.158
1.128
1174.934
1.040
40.415
140.102
3.736
1.188
1.379
1.172
2.033
2.401
1.684
20.021
53.841
1.129
1.491
3.438
1.169
1.017
2.262
2.769
15.089
1.181
35.819
3.177
7.255
1.487
55.623
1.569
1.245
1.499
2.804
5.724
1.012
169.568
7.647
4.344
5.481
1.242
4.451
2.187
6.427
7.302
3.452
1.162
1.046
1.447
1.032
2.541
2.505
6.428
1.814
1.200
5.264
3.207
17.424
10.476
10.335
1.209
4.593
3.170
3.106
28.074
5.188
3.881
1.542
106.548
5.070
2.285
19.322
2.148
4.731
1.608
3.275
1.224
1.441
5.680
3.176
10.938
1.801
1.164
2.654
2.283
4.535
5.937
4.228
3.430
1.152
2.725
1.117
2.623
4.158
2.534
17.427
1.868
16.029
1.095
11.694
4.378
1.177
1.714
3.870
3.267
1.110
7.000
7.501
10.625
4.345
1.861
1.883
4.061
8.042
2.893
1.166
10.950
1.564
1.011
1.818
1.088
2.775
1.345
1.179
1.082
3.832
1.472
1.166
2.144
4.544
12.949
5.218
2.249
3.128
12043.336
1.664
1.943
2.549
6.508
4.746
1.511
7.529
1.967
1.043
15.455
2.520
5.169
13.003
2.565
1.315
2.409
3.465
4.199
1.251
1.579
4.882
2.025
1.005
7.664
1.890
3.567
1.504
1.180
1.529
1.042
1.531
1.675
1.162
1.168
7.864
1.215
1.535
3.399
11.730
570.456
7.709
6.086
10.017
14.183
2.438
1.016
505.847
1.371
2.431
1.667
1.860
3.811
1.058
1.349
1.618
1.057
3.604
1.611
1.176
2.247
9.712
8.864
1.632
3.003
2.190
1.348
8.454
7.421
2.192
1.439
1.214
1.135
1.169
5.127
1.438
2.090
1.078
5.235
2.956
1.487
1.798
8.802
23.302
11.957
1.251
45.768
1.472
45.818
27.640
2.311
1.866
1.593
4.194
1.031
2.258
1.024
15.308
19.147
1.014
7.833
1.075
7.337
2.498
1.157
1.410
381.775
1.468
8.205
4.335
1.155
3.236
11.582
3.754
2.093
6.178
21.216
2.372
4.062
2.963
1.369
10.882
1.051
3.063
12.545
3.079
1.598
10.401
1.393
1.919
1.351
43.230
20.876
2.087
1.284
1.006
1.633
1.054
1.352
1.366
2.588
19.563
12.014
4.508
1.239
6.219
1.010
1.670
3.315
2.659
6.998
16.695
13.005
1.212
5.209
1.026
483.590
13.887
1.188
17.141
4.153
1.174
3.538
1.183
6.396
2.212
1.287
1.714
1.015
5.212
2.587
6.141
3.308
1.837
2.075
2.129
1.646
1.214
2.559
1.116
1.289
6.459
3.117
15.441
38.517
3.833
1.709
4.521
3.360
1.070
1.730
2.164
1.048
6.327
2.466
2.924
18.617
3.150
3.034
104.049
1.203
2.080
1.219
1.519
9.615
34.337
2.376
4.216
6.652
55.209
15.531
4.655
2.134
8.210
5.476
1.738
2.893
3.075
4.567
1.145
2.004
6.649
1.064
83.918
1.819
1.179
1.473
2.436
150.950
1.798
45.539
1.808
5.007
11.867
2.149
1.743
1.998
10.304
1.156
20.707
4.380
1.065
10.150
40.185
1.991
114.804
11.826
2.341
32.868
1.442
77.829
2.896
1.280
1.674
3.312
1.361
2.055
2.259
2.935
2.471
2.756
5.293
1.551
5.512
18.521
5.693
