3.173
1.439
5.505
1.051
2.935
2.960
8.274
1.047
1.120
1.305
7.534
2.694
2.010
15.682
3.256
9.538
4.810
1.228
1475.773
2.969
6.761
3.274
1.787
6.151
2.234
5.041
1.996
3.715
1.290
2.118
17.622
2.048
1.521
6.288
1.537
1.138
1.345
1.872
2.687
2.309
1.127
1.476
19.221
1.853
3.522
97.799
1.301
4.618
1.819
1.935
1.763
1.322
1.947
1.754
1.112
7.499
4.059
1.034
1.195
2.844
1.021
1.115
1.070
3.035
3.718
2.792
2.176
3.520
2.581
1.788
5.239
1.036
1.114
1.243
2.790
1.018
9.772
1.925
2.511
2.104
1.696
1.096
2.415
5.148
1.872
1.091
2.972
12.468
1.651
1.023
1.399
15.206
37.281
1.081
4.023
6.243
2.425
1.299
1.180
9.188
1.204
2.121
1.999
1.273
1.241
3.166
11.945
1.252
1.014
7.671
3.197
4.006
2.621
8.880
1.797
138.577
1.080
4.984
1.604
1.082
2.402
1.408
1.727
1.267
3.556
28.136
1.463
1.462
2.004
2.320
58.196
1.454
1.655
2.492
2.902
1.183
2.063
1.108
5.692
7.128
1.573
2.405
1.135
1.258
1.215
4.955
2.471
1.417
1.740
1.907
117.452
1.622
1.223
1.584
4.607
4.467
1.966
6.863
1.141
3.736
3.481
6.497
2.366
1.366
6.462
2.122
2.390
2.040
2.516
1.115
1.008
5.639
1.985
1.100
1.299
5.542
1.948
1.348
11.188
3.023
8.459
1.231
4.111
2.703
5.388
2.161
1.889
1.138
2.504
16.893
5.765
1.178
1.368
2.707
1.562
4.606
1.206
1.688
36.739
6.130
2.011
3.067
2.127
1.247
1.329
1.564
1.196
1.051
1.596
1.407
2.710
6.433
1.064
1.123
3.785
1.321
1.889
12.503
1.601
8.351
6.451
1.877
3.590
1.355
1.156
1.512
8.413
18.376
1.382
3.117
1.165
4.399
1.962
10.489
3.888
1.038
1.278
1.528
10.127
1.885
2.660
3.438
3.681
1.063
2.174
2.632
1.698
4.920
3.627
1.301
2.388
3.163
1.589
1.320
2.916
4.746
1.015
71.411
1.192
1.245
1.730
1.722
8.669
1.575
2.307
1.026
1.330
6.094
1.714
5.636
2.931
1.223
1.158
1.177
4.681
1.105
1.481
2.103
3.459
8.846
2.935
7.143
1.655
3.108
1.616
28.050
3.867
1.095
2.488
1.060
1.107
1.598
8.558
1.603
1.919
1.837
8.176
1.125
5.564
1.427
1.316
10.812
2.047
1.508
1.326
1.069
2.075
1.739
3.585
5.388
5.680
1.098
6.171
29.838
5.584
1.504
2.252
21.502
1.028
1.457
12.019
1.125
1.229
8.193
1.252
8.023
5.675
1.310
1.055
1.443
2.045
1.874
1.701
1.291
4.393
2.594
3.152
1.940
1.892
2.504
6.362
8.533
1.077
10.581
40.982
4.955
2.188
3.882
14.895
7.225
1.435
1.207
1.103
68.159
1.453
1.089
2.511
1.053
1.025
7.966
1.166
1.016
1.466
2.043
2.464
1.176
4.664
1.294
1.071
2.034
1.177
6.208
1.892
1.597
3.341
1.095
2.699
2.007
19.850
3.832
1.969
2.006
1.316
6.243
3.889
5.909
1.797
2.849
1.038
1.099
17.516
7.782
1.131
3.334
7.547
2.009
3.004
1.299
1.054
1.915
1.023
1.161
1.519
3.306
3.901
3.183
1.660
1.261
2.403
7.038
6.929
1.091
1.484
1.097
1.123
2.585
438.493
1.309
2.005
7.556
1.082
4.500
2.937
13.086
1.681
1.683
2.512
6.339
1.505
1.228
7.541
1.397
1.214
105.693
1.895
4.101
3.058
1.884
1.107
1.758
1.879
3.269
1.758
1.125
1.224
1.127
2.360
1.073
3.861
1.054
1.883
3.220
1.521
3.814
7.514
3.332
1.864
9.037
30.443
1.618
7.343
3.487
1.384
10.712
1.429
1.441
3.843
1.869
1.352
1.038
1.165
17.414
1.048
6.537
2.920
1.315
8.504
1.825
1.498
24.430
7.586
1.189
11.875
2.777
8.248
1.005
4.912
3.498
50.474
1.565
6.196
1.266
2.649
1.403
2.065
1.896
2.715
1.123
3.970
4.200
19.195
2.024
1.421
4.007
1.096
8.041
2.197
1.230
2.083
2.305
5.925
1.344
1.165
1.018
2.362
1.498
1.973
3.293
2.641
3.775
1.221
1.977
1.727
1.157
1.552
5.991
2.578
1.419
3.536
1.059
1.467
1.388
1.549
3.942
4.339
14.605
3.465
15.276
2.267
1.881
1.807
3.216
6.289
1.836
1.207
2.126
5.440
3.169
11.288
1.257
1.484
1.455
6.696
1.123
1.047
2.029
2.159
2.833
5.476
1.440
2.536
1.873
1.312
2.222
12.757
1.583
3.418
1.007
1.253
1.259
1.018
1.658
3.989
1.457
1.294
1.572
2.945
1.030
3.018
1.336
8.269
1.495
22.779
1.273
1.146
1.333
1.727
22.461
1.129
2.614
7.199
1.357
1.374
3.041
1.135
5.638
3.831
17.694
4.881
8.058
1.862
2.164
1.762
4.435
3.248
4.654
7.942
1.254
4.524
1.365
1.463
1.039
46.778
8.999
1.193
1.155
3.676
1.030
9.357
1.105
1.026
1.244
2.718
1.302
1.058
1.304
1.183
76.579
2.654
1.032
1.317
1.923
1.887
1.386
8.908
5.418
1.673
1.283
2.988
25.710
4.630
1.106
3.001
1.805
1.027
1.668
2.214
1.302
1.020
5.178
1.039
14.847
7.069
5.687
1.130
1.297
1.375
1.162
3.473
1.265
2.012
1.038
4.476
2.311
5.937
1.724
9.203
13.899
1.513
1.613
1.404
1.366
3.274
13.549
2.570
1.092
6.865
3.510
1.207
18.936
2.158
1.113
1.199
1.147
5.350
4.004
2.443
1.557
2.188
1.719
1.380
1.145
1.743
1.198
2.290
5.520
2.272
4.637
1.813
2.460
11.677
3.711
1.716
1.029
2.104
1.385
1.626
1.921
13.970
3.607
1.706
7.408
1.594
3.450
1.136
2.002
1.275
1.457
43.864
1.932
2.458
8.691
6.064
1.601
3.626
3.234
1.197
15.677
1.173
3.642
7.440
1.869
3.975
4.700
2.897
1.665
1.588
1.337
2.252
1.231
2.824
1.501
3.549
1.184
18.108
6.031
4.585
1.273
1.155
3.285
4.800
44.382
1.583
3.827
1.540
1.770
1.534
5.133
1.670
2.238
1.420
1.439
1.047
1.865
1.567
1.729
1.790
1.213
1.411
6.827
1.288
12.397
1.932
5.969
2.091
2.501
2.666
7.572
1.816
1.702
1.654
1.801
1.167
1.282
2.495
1.832
15.977
1.073
2.157
1.149
1.371
9.649
1.443
1.436
3.719
1.891
1.336
1.518
21.401
6.459
1.921
1.019
1.758
4.040
1.030
1.409
2.101
4.326
2.129
10.559
2.348
1.975
34.995
1.014
1.297
1.239
1.316
1.988
1.070
4.744
1.573
1.514
5.750
1.441
1.218
2.079
25.379
15.529
2.298
2.083
1.235
4.229
1.515
2.465
1.286
1.931
2.080
3.228
1.669
4.968
1.600
1.280
6.539
1.546
3.397
1.479
9.526
1.583
1.438
2.664
1.003
9.274
5.519
1.221
1.144
1.116
1.622
2.198
1.179
1.024
1.141
1.331
3.030
8.527
73.319
5.347
1.602
3.127
1.460
20.285
1.116
1.357
1.053
4.940
1.959
5.600
1.612
2.531
1.755
3.415
3.807
3.064
1.549
1.488
2.153
9.345
19.386
1.077
1.774
1.401
1.509
43.286
14.416
2.325
1.986
1.444
1.085
8.496
1.271
3.907
2.993
2.355
1.059
41.381
1.139
1.895
1.106
1.113
1.879
1.809
1.558
1.281
1.924
1.099
7.815
1.182
1.505
52.590
1.146
1.105
1.184
1.169
1.252
1.129
1.954
1.536
7.233
1.894
3.182
11.672
185.494
1.535
1.432
5.821
7.731
7.497
1.934
3.393
1.272
2.216
1.083
1.596
17.826
1.218
1.173
1.647
7.435
1.444
21.432
1.065
1.592
2.011
1.305
2.281
1.782
4.135
6.345
6.172
1.990
3.377
1.426
1.154
1.233
1.385
1.190
10.581
1.388
10.494
3.218
1.842
1.026
1.751
2.704
2.044
3.954
1.903
2.743
6.450
1.525
4.518
6.171
1.292
4.962
1.268
1.051
1.153
1.143
1.281
2.286
2.656
2.252
1.346
1.275
2.345
1.698
1.012
1.011
8.410
3.081
2.796
