24.902
1.142
1.390
7.325
1.520
1.202
4.797
5.428
26.966
1.129
1.238
1.092
1.570
1.477
1.892
5.806
9.334
1.123
4.177
2.091
36.592
1.542
10.989
2.540
1.620
1.484
3.686
11.291
16.629
4.909
2.495
1.271
2.700
1.053
16.618
12.466
3.839
1.312
11.888
5.184
87.881
1.469
184.059
1.329
8.242
3.973
1.053
1.577
18.695
1.968
1.468
1.275
6.865
6.741
1.084
87.485
275.436
5.696
22.481
20.790
1.141
3.286
1.932
13.209
1.606
1.334
13.297
1.857
84.757
3.614
4.620
7.551
96.583
5.661
13.904
6.630
7.696
3.301
1.252
6.363
1.137
1.685
1376.827
8.413
2.103
5.086
76.367
1.647
1.178
3.282
2.801
1.148
1.396
1.683
3.642
12.084
3.370
1.952
3.563
3.369
2.723
7.653
2.107
2.017
9.865
2.006
1.243
15.511
3.040
52.323
48.622
6.745
5.561
1.317
3.191
63.028
1.762
2.298
369.948
2.218
3.651
13.218
220.291
9.620
3.449
1.979
2.166
3.897
3.177
1.451
1.353
1.367
11.040
6.405
2.046
11.407
2.073
40.844
784.997
8.223
1.637
4.216
2.933
2.560
2.218
3.147
7.451
1.586
52.714
1.119
1.459
90756.537
7.769
3.902
3.915
1.173
5.973
15.930
1.440
1.433
2.964
3.489
37.418
73.100
1.205
1.241
6.623
1.054
1.841
223.057
247.651
1.510
40.372
1.106
1.374
1.576
1.210
7.039
24.340
1.579
1.219
59.600
47.028
1.256
1.783
1.209
2.141
2.222
1.975
6.501
13.905
2.188
2.204
7.414
1.018
131.539
1.356
3.268
9.275
4.636
1.641
1.817
16.354
9.508
1.211
3.162
41.152
1.174
2.096
1.036
4.364
1.243
85.482
1.638
4.002
2.224
1.126
1.787
1.029
8.763
25.014
1.422
83.189
1.521
201.916
2.388
8.725
3.452
48.816
1.751
1.969
3.348
1.531
1.260
1.724
1.070
2.153
2.324
35.335
40.108
8.006
1.761
5.945
172.235
7.028
13.637
1.240
60.331
25.903
1.289
1.349
2.085
4.000
29.296
4.327
7.986
159.255
1.068
15.369
1.859
1.244
1.105
4.050
1.651
9.909
6.407
2.219
49.205
11.314
19.504
2.832
8.161
2.426
1.314
9.060
2.446
12.030
144.994
4.651
14.741
1.546
1.186
91.918
1.683
4964.346
84.314
2.118
2.154
14.887
69.169
1.276
57.640
6.972
3.559
1.390
21.500
39.263
2.264
2.547
1.755
7.489
1.161
1.457
1.965
3.523
1.209
1.916
2.228
11.584
97.072
14.044
18.517
3.887
4.480
5.907
32.074
1.632
1.360
31.793
1.128
1.386
4.365
4.346
2.796
2.572
4.701
10.030
2.196
6.132
2.171
6.453
3.689
2.349
38.598
2.179
14.122
46.964
12.377
69.887
1.018
19.828
5.267
3.180
5.626
1.631
1.956
2.360
2.693
7.019
4.370
13.964
35.853
126.404
5.667
1.906
1.267
2.459
39.210
1.481
1.139
1.633
22.480
8.361
3280.548
2.532
2.687
15.461
14.825
9.607
1.295
15.219
4.455
3.874
1.141
35.846
2.992
1.774
3.248
1.136
3.961
6.000
1.422
1.739
1.034
35.838
2.166
18.611
1.815
25.233
1.738
1.722
6.092
1.661
5.839
33.253
5.735
12.003
1.154
1.810
1.833
1.078
12.670
1.065
2.109
1.126
1.093
1.798
1.861
44.200
18.439
2.198
2.546
1.957
7.812
1.133
2.632
1.980
1.716
582.729
1.947
26.102
6.525
1.207
19.097
1.038
1.399
2.198
9.304
4.637
6.750
1.611
1.711
7.089
4.266
3.495
1.012
29.800
3.787
1.982
1.705
1.109
24.767
11.353
3.474
2.047
1.657
57.896
2.326
51.987
4.895
40507.677
1.340
37.885
75.360
4.565
8.200
6.685
3.918
22.820
6.630
1.277
1.224
5.595
1.467
2.134
8.695
2.938
1.311
1.173
2.083
5.472
1.973
10.834
3.574
3.434
1.313
13.004
1.522
4.959
1.102
1.095
2.483
94.090
1.186
1.480
3.581
28.015
3.362
4.344
19.313
1.042
1.751
4.041
1.826
8.100
11.930
9.540
2.251
1.186
2.269
7.077
1.171
1.211
7.956
8.753
3.081
2.965
2.062
1.369
11.195
31.668
2.083
2.178
3.007
8.981
2.149
1.187
4.370
92.558
20.433
2.114
1.834
9.171
2.292
1.050
1.233
1.058
1.134
1.343
14.080
6.634
380.853
5.889
5.730
10892.624
6.771
2.770
3.666
11.958
49.043
2.526
17.421
20.512
3.397
1.660
4.327
8617.715
1.140
12.226
13.578
303.379
4.535
1.363
1.273
1.604
4.346
2.221
5.386
1.315
1.307
2.509
7.303
1.485
10.534
1.449
65.491
1.348
3.414
2.304
239.622
10.178
1.532
10.329
1.008
41.161
1.956
4.397
2.018
6.633
4.063
2.980
10.195
1.351
2.808
1.074
2.414
2.603
3.436
1.889
4.477
16.300
2.207
1.049
1.513
1.509
1.192
1.227
1.453
1.915
3.474
1.020
1.550
1.501
1545.472
1.214
1.109
350.086
26.054
119.216
1.885
1.017
6.544
4.412
8.099
1.364
212.166
1.857
1.673
1.233
1.373
2.400
1.577
63.637
7.446
21.461
7.624
5.394
3.684
6.805
2.558
17.028
4.879
2.489
2.401
4.720
1.647
13.303
9.349
1.132
36.135
3.268
1.226
2.284
1.550
10.729
3.976
1.978
1.198
4.914
2.737
7.173
3.203
1.756
1.108
2.011
1.014
14.461
52.475
3.960
5.266
1.185
3.951
1.079
461.033
1.535
1.699
42.407
9.530
4.632
3.297
2.526
17.338
23.711
84.120
4.130
9.516
47.026
1.511
107.450
6.362
1.154
11.747
190.544
4.841
112.796
2.126
6.153
18.230
3.825
4.766
5.797
1.273
17.384
2.465
11.371
1.012
6.425
5.665
5.182
2.194
4.857
1.694
49.640
22.453
3.992
3.399
4.352
4.157
4.549
1.188
2.826
6.863
1.113
2.230
2.952
69.720
1.315
1.894
2.737
1.057
2.377
6.713
1.405
4.362
42.216
6.661
7.304
1.652
1.111
1.430
1.475
1.082
6.429
1.905
9.412
2.703
1.698
2.994
3.846
44.612
1.299
327.782
1273.366
1.316
1.298
6.340
2.435
8.483
1.201
4.958
11.257
1.109
2.343
1.203
2.448
1.700
1.053
32.180
1.245
44.241
3.776
233.876
1197.023
1.915
7.793
2.151
1.620
27.935
2.672
459.205
2.229
1.377
17766.298
8.574
1.639
1.007
3.480
2.233
2.650
7.360
2.696
1.179
3.901
1.234
5.653
7.094
2.258
1.480
6.743
1.041
4.252
1.884
32.938
3.176
1.604
2.752
2.250
3.678
3.833
5.238
94.084
74.099
7.174
2.642
7.267
5.068
43.924
10.210
10.822
8.317
1.244
3.784
2.362
80.587
9.986
1.303
33.056
7.206
2.342
7.131
10.376
1.092
3.299
1.091
10.586
14.438
3.290
1519.436
24.541
3.322
30.169
3.584
2.550
5.678
25.827
1.546
1.335
1.835
3.455
7.044
1.549
26.282
6.030
4.211
15.944
2.655
163.384
1.839
3.055
1.101
638.300
11.404
1.573
4.989
3.749
14.811
1.314
1.313
2.441
6.799
1.583
12.350
262.123
7.952
4.395
2.793
1.492
5.088
13.486
2.116
2.237
2.156
3.298
9.241
3.595
2.249
8.803
2.443
45.605
1.138
3.861
1.227
1.016
2.003
1.899
2.781
4.594
2.229
4.801
1.196
9.220
1.374
1.494
1.501
1.232
1.183
1.246
1.104
6.302
9.935
1.434
3.147
6.005
1.472
1.134
1.671
1.064
9.511
2.177
6.816
2.036
2.575
1.615
1.432
1.242
1.815
1.144
1.031
5.423
1.354
23.620
1.251
11.523
1.244
1.317
1.336
47.487
5.201
2.358
2.181
5.280
1.803
2.746
2.220
1.297
2.637
4.428
3.633
1.102
2.364
2.261
2.807
2.441
1.133
1.061
2.317
2.892
2.670
3.895
2.047
1.495
2.715
5.864
1.771
208.231
6.762
3.833
1.153
60.719
1.093
5.215
8.528
1.477
3.901
1.005
1.378
1.973
1.012
2.488
3.734
5.590
75.273
7.778
1.327
1.524
1.959
3.747
1.179
5.011
137.944
6.263
4.032
1.045
110.262
3.700
1.033
5.480
4.155
1.170
1.378
8.194
21.952
6.065
49.293
2.480
19.100
3.838
3.921
5.194
18.022
