18.723
3.434
1.151
1.761
3.613
1.541
2.037
1.487
34.904
1.500
9.147
1.523
10.505
1.719
14.832
2.893
2.805
13.480
6.335
1.031
44.330
3.497
1.297
1.667
1.860
4.422
2.635
2.434
1.029
1.593
1.578
1.330
61.596
2.830
4.659
1.019
5.810
1.039
2.684
6.284
1.675
4.162
1.795
1.984
5.578
2.804
6.465
1.041
9.079
1.046
1.523
13.371
1.586
2.414
6.689
1.163
2.081
3.981
1.232
276.135
1.167
1.804
1.230
3.903
4.940
1.860
1.046
5.047
1.868
1.518
1.224
216.354
40.860
2.300
3.570
1.072
1.211
1.088
1.423
1.543
1.335
3.262
9.849
2.012
1.121
1.207
1.484
1.910
3.601
2.331
124.222
1.930
1.804
2.179
2.661
2.121
6.200
2.301
2.439
4.131
1.713
2.812
1.117
1.734
1.571
1.757
1.199
1.983
1.774
1.911
1.451
8.030
2.570
4.630
2.001
4.161
1.252
1.725
2.296
1.076
1.115
1.717
1.097
2.187
10.702
3.403
1.668
2.202
33.788
43.155
3.116
1.545
1.742
2.087
3.529
42.661
1.043
60.147
31.709
1.084
3.294
1.067
3.227
2.601
2.048
1.905
4.045
2.086
1.494
1.019
2.596
1.959
2.917
2.871
1.271
33.836
2.699
1.636
2.510
1.198
1.241
1.136
1.542
1.381
2.392
1.260
1.616
4.779
1.020
2.784
1.412
2.463
1.371
1.378
1.596
3.080
2.363
1.581
4.074
1.322
4.742
1.164
1.275
6.605
1.376
18.175
1.402
1.557
5.934
1.238
1.107
6.196
1.994
1.380
6.672
3.522
1.034
1.095
3.714
1.199
2.151
3.975
1.049
1.037
1.799
4.466
1.422
1.715
3.323
2.204
5.963
1.300
2.317
6.714
1.055
1.785
391.200
2.189
2.290
1.422
1.271
1.082
1.920
1.221
8.982
1.109
1.901
4.433
1.023
43.111
1.943
1.010
1.155
1.055
1.118
17.983
1.179
7.988
2.697
8.714
1.196
40.100
2.549
5.892
1.024
2.913
5.551
2.243
1.191
1.203
1.556
1.977
1.771
2.273
1.116
2.686
1.196
1.063
7.615
4.297
1.423
1.063
3.875
5.096
1.652
17.039
1.323
1.345
1.357
2.677
3.246
3.035
14.839
8.025
1.081
2.612
4.347
1.078
1.139
2.984
2.703
3.680
1.923
4.303
6.369
2.726
1.039
1.262
1.730
1.400
2.327
2.650
4.090
1.307
1.675
1.306
1.281
1.322
1.055
15.052
1.737
2.772
1.496
1.115
1.483
39.736
1.498
1.641
1.500
2.435
13.722
2.313
5.778
6.469
1.310
3.385
1.715
3.104
1.741
1.507
1.338
4.731
1.488
1.834
1.460
1.089
1.495
3.072
2.329
1.519
8.884
1.027
3.104
2.296
13.209
1.027
2.761
1.711
3.005
1.840
1.196
1.799
1.702
1.295
1.546
1.109
1.551
1.353
2.184
2.451
6.617
1.304
1.129
14.436
17.690
1.405
5.319
1.088
1.129
3.106
2.041
1.175
1.251
1.557
4.014
122.298
1.796
2.358
8.145
1.400
1.321
1.450
3.622
2.579
3.802
3.305
1.652
2.290
6.923
9.017
1.759
1.053
1.676
12.015
1.845
3.268
2.460
1.239
1.106
2.574
1.310
1.166
69.969
1.436
1.074
2.113
2.195
19.023
1.418
3.860
1.480
1.212
1.315
1.680
1.772
4.510
1.672
1.182
11.599
1.370
1.921
3.619
8.134
1.112
2.313
1.520
2.737
11.380
1.313
4.412
1.496
1.302
1.348
13.859
1.215
3.025
94.426
2.705
1.319
1.118
2.498
2.455
1.006
3.137
3.037
1.961
1.293
1.954
1.189
1.974
4.389
6.769
1.306
8.060
4.612
1.961
1.191
5.436
3.191
1.338
1.353
1.156
1.404
1.096
1.092
3.061
4.488
1.313
1.602
1.315
11.971
1.262
1.059
3.727
1.492
1.244
1.942
1.851
3.459
1.742
1.079
2.300
1.119
1.899
1.746
1.105
1.193
1.098
1.252
1.253
1.024
1.018
2.148
2.217
1.030
2.856
1.730
5.765
2.361
1.421
1.491
1.094
1.021
1.505
1.771
2.559
1.207
1.123
1.174
3.849
1.115
11.408
1.056
9.271
1.165
1.556
11.966
2.332
1.635
3.834
1.143
2.920
2.800
1.091
1.280
16.573
6.913
3.716
4.075
4.153
1.039
1.471
3.001
2.612
2.086
2.894
4.812
1.459
2.074
14.220
1.224
6.718
13.570
1.405
1.204
1.195
1.402
1.048
3.277
2.058
237.974
1.357
1.185
1.661
10.264
1.925
1.076
1.169
7.077
1.431
9.455
1.347
2.669
1.840
22.545
1.683
2.057
3.355
1.373
11.756
4.382
1.025
1.065
1.160
6.268
1.067
1.739
1.697
1.844
1.087
1.513
2.149
37.572
1.381
1.018
32.265
1.110
1.076
1.493
3.503
4.319
1.230
1.483
1.398
3.562
3.021
1.401
1.477
2.671
1.331
2.123
2.607
2.993
3.005
1.283
3.935
1.474
1.992
1.948
2.024
2.614
3.063
1.859
3.819
9.341
5.030
3.798
2.676
1.461
1.009
10.092
2.447
1.256
1.054
19.982
1.499
2.132
1.228
1.960
1.443
1.349
1.386
1.094
2.090
1.758
40.149
1.612
1.095
8.859
1.048
6.335
2.915
2.648
3.706
4.545
14.573
2.765
4.793
1.087
1.047
2.788
1.260
1.528
8.472
1.380
1.119
4.577
1.387
1.116
1.127
2.664
1.028
2.365
37.883
1.889
1.078
2.628
1.006
2.740
1.125
1.864
3.427
2.008
1.282
6.476
100.991
1.112
20.270
20.368
1.869
1.677
6.513
10.601
1.749
1.040
5.896
1.408
1.134
7.644
1.414
1.135
1.133
1.184
3.042
4.822
48.431
12.698
1.286
1.094
2.027
2.118
1.217
2.102
2.767
109.802
1.028
1.139
1.156
4.033
3.148
3.977
1.556
8.738
1.694
1.803
1.291
1.177
2.002
1.370
4.329
1.397
1.415
9.321
1.128
56.488
4.576
1.352
1.161
11.490
1.725
5.374
4.709
2.299
8.357
3.313
2.205
1.868
1.614
1.989
7.908
1.942
3.779
1.289
12.703
1.091
2.759
1.586
1.731
4.908
1.733
1.180
68.478
2.131
1.854
216.627
2.024
2.811
1.329
6.766
16.395
1.056
8.401
2.349
5.498
1.985
5.061
1.126
2.016
1.163
9.531
1.192
1.163
1.532
2.447
1.076
1.405
1.227
2.668
2.686
1.099
1.614
1.643
2.555
27.309
2.096
1.048
2.892
4.826
4.659
8.031
1.065
1.173
1.362
1.454
1.320
2.982
1.907
1.791
1.507
1.123
2.449
1.023
1.716
1.435
1.484
1.070
2.710
5.960
1.212
4.803
4.990
1.235
3.293
5.213
1.119
9.757
119.468
1.000
1.894
1.532
1.226
328.374
8.780
1.082
4.061
1.848
1.128
4.179
1.303
2.372
11.994
1.359
1.208
1.453
1.252
1.074
2.438
1.621
2.019
1.531
1.133
2.079
6.663
1.893
4.393
1.257
1.089
2.173
6.779
4.070
2.665
21.431
1.539
1.924
1.328
7.389
1.567
1.185
18.136
4.462
4.354
9.499
6.253
1.496
3.468
3.077
8.848
15.126
1.147
2.100
1.112
11.965
1.144
2.135
1.228
3.118
1.056
1.023
6.768
3.843
1.557
97.376
3.300
3.247
2.003
1.645
7.552
9.249
18.352
3.632
2.248
2.367
4.296
1.517
1.031
1.210
1.982
1.061
1.408
1.130
1.947
3.375
1.105
1.660
1.393
7.701
1.961
3.173
1.307
3.120
12.348
2.600
5.592
1.251
1.997
1.797
1.232
1.733
2.371
10.444
1.482
4.462
2.820
45.254
1.966
3.733
1.799
3.393
1.468
12.383
1.483
4.183
1.004
101.935
1.539
1.019
2.652
1.117
1.030
2.287
1.414
1.159
6.087
2.534
1.066
2.904
7.676
1.628
2.594
2.240
1.244
2.253
1.073
3.846
2.794
1.630
1.397
140.032
2.062
1.419
4.303
10.687
1.519
1.465
1.032
15.671
1.258
4.371
1.014
1.034
1.139
15.201
1.127
1.804
44.078
3.873
1.228
1.665
1.591
2.755
1.628
1.184
1.014
3.157
2.865
1.373
3.325
2.848
1.410
1.151
2.335
1.065
13.050
3.336
2.043
3.194
1.360
16.627
3.295
1.473
2.865
1.438
1.010
1.258
1.020
2.220
1.470
13.242
1.314
1.329
