4.022
1.067
2.321
1.143
1.377
1.752
1.445
1.361
4.045
1.377
1.041
2.530
6.148
1.198
5.775
1.036
1.503
1.249
1.055
3.232
2.329
1.300
3.492
1.305
1.088
1.160
5.408
2.383
1.044
1.648
1.535
3.156
2.293
3.785
3.674
1.362
6.274
5.475
1.170
2.186
2.331
1.741
2.083
1.192
1.346
2.248
1.020
1.109
1.431
1.508
4.539
1.815
10.248
6.687
1.748
1.325
6.883
2.553
1.103
1.107
9.571
1.530
3.107
26.951
12.855
2.186
1.528
2.615
1.996
1.506
2.778
1.034
10.548
1.782
1.114
1.980
2.550
2.538
7.882
2.531
1226.785
2.831
1.346
30.487
1.520
3.005
2.088
1.496
4.717
1.292
5.723
1.982
3.429
1.929
11.841
1.743
4.249
1.498
1.746
3.890
3.308
1.413
1.459
1.377
15.353
1.226
10.695
1.273
1.286
1.403
2.943
1.732
1.442
2.672
4.755
2.989
11.147
1.042
2.312
1.059
1.462
2.226
3.539
1.449
1.781
1.465
1.125
11.423
2.264
1.404
2.122
18.212
2.093
1.893
1.718
3.809
1.490
1.255
1.273
5.208
14.017
1.105
1.209
1.376
8.378
1.803
1.987
1.372
1.353
1.081
1.517
1.104
2.107
2.910
1.909
2.808
3.129
1.023
1.041
1.072
1.042
6.086
1.065
2.797
1.292
3.900
5.346
2.079
3.654
1.098
1.740
10.365
89.278
1.849
3.169
6.222
8.087
1.153
1.482
1.371
2.320
1.800
3.132
1.576
1.925
1.906
1.305
1.262
13.308
1.003
1.683
3.525
1.197
1.655
3.614
3.287
3.264
2.902
1.340
1.706
1.776
1.246
1.253
1.635
1.287
5.583
1.800
1.635
1.109
1.415
1.201
1.364
9.462
1.068
1.269
1.273
1.135
6.766
1.734
4.593
5.956
1.056
1.072
39.667
4.016
4.669
5.217
4.278
1.092
1.901
1.233
3.728
1.069
1.370
2.258
11.195
1.405
1.307
6.176
1.148
1.390
2.053
1.677
1.650
1.216
1.798
8.438
1.596
2.312
23.427
1.332
1.847
16.847
1.474
1.259
1.567
1.467
2.158
1.426
2.174
2.258
3.048
1.451
3.477
3.272
1.389
1.390
2.293
1.044
4.902
2.414
1.514
1.436
2.323
1.663
1.955
1.329
2.218
1.002
1.074
1.163
5.597
1.028
1.690
38.919
1.109
26.349
2.868
1.082
10.258
2.418
1.738
4.896
74.837
17.225
6.068
5.202
1.582
3.109
1.074
1.451
1.258
5.077
1.064
1.974
1.217
1.240
9.771
8.372
1.555
1.024
1.157
28.358
1.241
5.404
1.536
2.770
1.625
27.599
1.253
2.357
4.163
1.249
1.803
1.028
6.141
1.605
10.154
13.545
1.285
1.210
1.007
1.874
1.605
3.869
3.171
1.604
1.024
1.446
1.060
2.115
14.144
3.038
2.173
1.397
1.487
1.884
1.218
3.641
2.229
1.808
1.134
2.408
5.085
15.348
1.378
1.858
1.779
1.193
14.175
1.426
6.330
3.067
3.194
4.600
106.486
3.668
1.675
1.544
2.031
2.841
1.404
1.856
526.310
1.636
4.840
9.356
3.397
1.673
9.015
5.202
4.728
1.103
1.099
1.491
8.741
2.341
1.117
1.520
4.322
10.662
1.905
1.021
2.781
1.020
3.417
1.254
1.827
1.394
3.842
2.647
1.118
1.084
1.143
1.319
1.756
4.416
2.099
2.234
1.529
1.248
2.426
1.253
2.822
1.990
1.349
1.030
2.457
1.184
7.907
1.322
1.549
1.436
1.460
2.610
1.312
1.076
1.292
3.304
4.963
1.347
1.013
3.962
1.268
3.973
4.838
6.845
2.178
1.621
2.078
1.312
1.317
1.346
3.007
11.663
1.504
1.976
4.209
1.448
1.646
4.065
1.051
1.075
3.573
1.196
5.345
1.458
1.960
1.914
1.113
1.356
3.134
1.006
5.217
8.214
7.996
17.635
2.023
3.697
1.054
2.461
1.060
1.173
1.540
1.452
1.293
10.649
1.483
9.389
1.378
1.467
1.719
2.030
3.513
67.855
12.747
8.698
5.217
1.103
1.433
1.101
1.490
3.195
486.776
2.230
2.453
1.016
6.249
1.225
1.302
1.933
1.674
1.036
1.868
1.410
1.617
4.425
1.781
1.116
1.392
18.809
9.268
1.890
1.991
1.009
1.025
4.088
22.773
1.726
1.163
1.222
2.075
1.289
1.178
1.417
1.079
6.210
1.621
1.043
23.992
2.624
1.292
1.280
1.336
2.169
3.605
1.009
5.790
1.690
3.454
1.301
1.292
2.661
2.475
1.029
1.685
1.031
1.333
2.703
1.819
1.759
1.225
3.404
7.584
1.425
2.558
1.312
1.471
13.450
16.967
9.736
16.072
1.124
1.538
1.358
1.345
1.150
1.698
2.070
1.508
1.109
1.677
2.477
1.190
1.986
1.537
1.058
1.447
2.231
3.825
1.103
1.566
1.023
31.717
1.147
1.064
16.301
1.046
1.436
4.109
1.497
1.212
1.247
1.547
5.067
1.457
1.499
2.895
2.340
146.589
1.316
1.748
1.591
1.152
79.870
1.175
7.205
4.103
1.334
2.041
5.155
4.089
1.017
1.435
1.943
1.513
1.754
3.126
1.381
3.965
1.574
1.062
1.181
1.900
1.585
2.155
1.252
1.155
1.755
12.133
1.825
1.010
1.117
1.161
1.793
1.548
4.885
1.099
7.300
2.033
1.147
1.026
1.577
2.231
2.860
3.701
2.639
4.406
1.817
1.903
2.203
1.719
1.048
1.323
2.262
4.104
4.373
2.663
1.139
1.113
1.234
1.189
3.505
7.182
1.812
1.085
19.883
1.283
1.359
1.269
1.563
3.756
1.004
1.055
4.386
4.694
1.050
1.053
1.689
1.641
4.392
1.215
2.381
2.364
2.454
1.425
2.276
1.032
1.102
1.386
1.364
1.291
1.780
1.334
6.359
2.121
1.724
4.046
1.501
1.387
3.473
1.240
1.773
2.857
1.063
1.119
11.112
1.385
8.258
3.071
1.705
1.955
1.403
7.472
120.458
1.340
1.385
3.696
1.424
1.251
1.204
1.554
1.517
3.320
2.126
5.162
3.616
1.084
1.229
1.231
2.468
1.788
1.638
1.456
2.246
1.115
2.910
1.061
1.007
3.450
2.051
1.159
3.196
1.764
1.285
1.837
3.527
1.916
2.027
3.091
10.844
4.917
9.656
1.010
2.044
1.702
2.740
2.626
1.708
2.470
2.150
1.006
1.488
1.741
1.099
3.218
1.287
2.345
1.147
1.909
12.052
4.152
1.255
1.466
1.093
3.261
2.028
1.641
1.386
1.262
5.010
1.595
1.112
3.012
1.775
4.807
1.129
1.131
5.195
1.325
1.379
3.674
1.159
1.144
2.928
1.051
1.027
2.880
7.957
1.092
2.130
3.159
1.197
1.372
5.760
1.087
1.314
2.805
1.164
2.086
1.466
1.036
1.766
1.410
1.126
7.998
5.515
1.192
1.945
1.110
1.561
1.974
7.118
3.498
1.117
1.374
1.621
1.098
4.979
1.438
3.104
1.859
1.428
1.214
1.271
8.275
9.114
1.781
1.521
1.521
4.541
1.009
1.199
1.734
1.032
1.016
1.015
1.007
6.115
1.076
3.394
3.998
3.485
35.223
1.354
10.644
2.823
1.181
1.450
1.953
2.127
1.323
1.737
7.719
2.471
1.222
2.144
5.866
1.232
20.864
2.223
16.927
1.170
13.862
1.050
2.087
2.617
1.381
1.407
3.148
3.049
12.005
2.290
1.384
1.647
1.306
1.094
1.283
5.442
1.399
3.310
1.042
3.629
1.001
4.070
2.852
1.232
1.535
12.537
1.150
1.184
1.814
2.020
1.359
3.445
4.535
6.418
1.097
2.231
1.322
2.360
1.337
1.080
1.198
6.542
4.723
1.372
16.371
27.319
8.588
1.152
4.131
1.765
1.448
1.247
6.600
6.750
1.639
1.563
2.076
2.295
8.561
2.642
1.135
1.045
1.253
62.739
3.181
1.115
10.524
1.637
1.691
26.188
3.211
1.071
2.445
1.382
3.264
1.885
3.489
3.272
2.326
1.858
1.985
1.575
2.079
2.753
7.134
1.884
1.051
43.666
1.440
5.073
1.222
1.528
2.097
4.271
14.770
1.121
1.181
1.484
1.682
1.321
3.214
1.752
1.110
1.457
4.912
3.908
1.907
1.227
2.697
5.382
1.032
1.130
8.820
9.284
1.785
1.342
1.020
1.366
1.028
4.982
4.417
2.833
1.698
2.552
8.062
1.386
2.015
