2.736
3.426
1.201
1.058
2.681
2.923
1.477
9.217
2.541
1.039
1.691
6.401
1.462
1.600
2.614
2.815
3.989
1.963
1.447
3.211
2.996
2.449
4.372
3.822
1.157
1.089
5.390
1.009
1.275
1.678
2.816
5.299
3.172
1.096
1.222
4.264
3.761
5.417
10.199
2.145
4.426
1.164
2.676
1.433
2.159
1.352
1.671
3.002
15.088
1.138
1.119
1.176
3.286
1.186
2.649
1.078
1.167
2.713
1.271
2.100
2.935
1.476
1.259
1.015
1.552
11.762
1.808
3.586
1.399
1.099
3.222
3.734
3.076
1.858
18.943
1.120
1.037
2.510
1.168
1.080
1.546
1.570
1.122
1.303
5.164
3.239
1.792
5.254
9.234
1.088
1.655
2.667
1.676
14.334
1.164
1.688
1.260
1.696
6.677
1.407
2.369
1.353
5.635
3.021
1.228
1.619
3.057
1.393
1.157
1.311
4.135
2.169
1.212
2.324
1.056
1.829
1.502
2.538
8.534
2.195
9.039
6.953
1.287
3.371
1.532
2.151
2.702
1.140
5.189
1.200
3.762
8.113
2.944
4.776
1.370
5.854
1.425
15.576
1.238
2.421
1.889
3.369
1.158
1.268
3.914
2.625
1.003
1.391
1.795
1.499
1.096
35.762
4.329
2.759
1.124
2.231
5.552
1.596
6.686
1.380
1.369
1.591
1.805
1.025
13.206
1.184
1.004
1.384
2.584
1.137
2.622
14.545
1.045
1.523
1.717
2.483
3.465
1.840
1.156
2.738
1.743
2.041
2.728
1.971
1.067
1.161
1.008
1.136
3.879
1.052
1.393
1.407
1.524
1.988
1.304
1.628
2.224
1.200
3.959
2.154
2.750
1.082
1.003
1.112
5.922
2.055
23.013
1.003
1.066
1.327
1.136
1.247
1.677
1.587
5.588
2.757
2.441
2.413
51.739
2.099
6.141
4.128
3.626
2.146
17.772
1.404
14.604
1.116
1.713
2.041
1.372
2.200
6.052
3.746
1.299
1.212
2.836
5.482
1.083
2.194
1.071
6.606
1.220
1.803
2.240
10.203
1.279
1.250
2.926
17.685
1.118
2.324
15.468
1.411
1.186
1.349
1.454
13.545
1.328
1.078
1.480
1.365
1.710
1.068
2.197
1.126
5.518
1.257
2.457
1.851
1.345
3.899
1.658
1.997
2.694
4.767
1.279
1.006
2.558
1.100
2.553
37.350
4.011
1.077
6.986
9.052
2.531
1.752
1.093
1.025
1.691
42.789
4.053
2.102
1.667
1.820
1.037
1.106
1.467
7.171
1.189
2.023
3.241
1.275
1.411
1.801
1.044
1.125
1.258
1.020
2.135
1.009
3.582
1.568
1.771
4.155
1.872
1.910
5.610
1.383
1.247
1.797
1.161
1.297
1.306
6.275
1.138
1.957
1.272
1.994
31.174
1.595
2.234
1.374
2.939
18.888
1.769
2.710
1.898
5.409
3.808
2.937
1.122
4.734
1.582
1.962
1.945
14.923
3.141
5.581
1.188
5.333
3.024
1.297
44.086
2.989
1.522
1.065
1.234
1.357
1.126
1.607
1.146
3.480
2.277
1.192
3.753
1.594
1.018
1.046
1.087
2.692
2.147
1.538
6.318
1.125
1.020
1.891
1.862
5.528
3.853
11.366
15.524
1.042
6.300
2.166
1.228
1.521
2.415
1.332
1.964
32.687
1.233
1.144
96.851
1.133
1.299
1.318
1.070
1.722
1.519
1.038
1.890
2.097
5.799
1.064
1.042
1.241
1.399
1.262
25.453
1.070
1.074
2.083
1.683
1.528
6.740
18.858
3.145
4.318
1.665
3.130
2.630
10.026
1.480
1.404
1.557
1.212
2.108
1.204
1.025
1.616
10.690
3.253
19.529
1.027
1.812
1.709
1.636
1.094
3.016
2.528
2.091
1.074
1.168
3.988
1.082
2.201
1.071
3.127
1.123
1.251
1.371
2.789
2.596
1.900
1.145
1.163
2.037
1.920
69.062
1.605
1.088
2.787
1.676
3.068
4.647
2.965
16.778
1.159
1.718
1.250
2.143
2.287
3.115
1.624
1.938
1.908
2.198
3.140
1.047
2.254
1.094
1.611
2.057
2.934
1.839
4.807
1.333
1.857
5.823
1.388
1.913
1.551
8.610
2.523
19.030
1.929
3.924
1.266
1.298
2.304
2.709
6.763
1.587
2.011
7.396
1.304
1.511
3.777
2.673
8.882
1.279
1.185
1.253
2.973
1.646
3.776
3.097
1.184
6.032
4.882
1.089
7.372
48.907
2.136
2.231
10.072
13.752
28.873
1.105
1.063
1.058
1.582
1.295
1.667
1.674
1.817
1.405
1.088
3.964
1.127
1.856
1.026
3.259
1.022
1.331
1.677
3.066
3.409
4.471
1.682
2.156
4.817
4.495
1.974
1.393
3.269
1.108
4.741
2.787
3.078
2.760
9.878
2.334
3.666
10.480
2.719
2.089
1.154
2.213
3.432
1.239
3.161
1.021
1.365
54.585
3.266
1.185
1.345
1.051
4.290
1.182
1.018
1.294
1.287
1.761
12.763
18.035
1.490
2.054
1.085
6.329
2.440
1.141
1.037
2.429
1.147
1.457
1.954
2.021
1.499
1.421
1.417
1.367
17.757
1.295
3.192
6.181
1.362
1.529
8.320
4.218
1.415
5.548
1.055
1.175
8.845
5.323
1.092
2.483
3.013
3.756
2.275
1.365
2.579
1.689
1.302
1.075
4.076
1.023
1.842
1.712
3.778
2.343
1.011
3.118
1.197
1.710
1.245
1.167
1.263
1.335
1.076
5.155
9.071
17.423
2.978
2.166
1.401
4.426
1.833
3.000
2.513
1.341
3.525
7.362
1.397
2.893
8.132
4.025
1.512
1.177
8.085
1.212
6.501
1.414
9.975
3.777
1.343
1.286
2.938
1.479
1.118
1.017
1.375
1.070
1.590
2.808
1.203
3.508
3.378
1.086
1.407
4.571
1.102
1.931
1.132
1.180
3.177
2.530
1.202
1.056
3.212
1.949
1.206
3.548
2.393
1.658
1.918
1.332
2.231
2.006
2.829
9.150
1.423
1.245
6.324
1.039
2.787
1.863
1.536
3.510
1.843
1.086
2.430
1.490
4.055
9.321
2.656
3.750
1.191
2.399
1.875
3.840
1.348
2.452
3.054
12.115
8.726
1.594
8.575
1.970
1.014
1.946
13.910
1.308
3.189
1.244
1.388
1.325
1.922
4.261
1.749
1.057
11.167
4.380
2.445
1.558
4.910
1.354
3.565
2.456
1.027
1.845
1.017
1.698
1.065
6.169
5.175
2.676
2.704
2.284
1.389
1.108
11.585
1.947
2.329
1.106
1.543
1.520
1.239
1.971
4.816
1.149
1.222
34.362
11.007
1.463
7.387
4.715
1.164
1.397
1.089
1.057
1.000
3.126
3.398
3.632
11.841
1.499
1.454
3.428
1.083
1.502
1.218
2.148
1.031
7.558
1.560
1.048
1.476
2.201
2.396
3.357
2.956
1.634
2.222
1.213
3.621
5.749
2.267
2.695
1.521
1.133
6.818
1.264
1.555
1.090
3.294
1.002
2.050
1.994
1.218
1.302
1.164
4.672
2.302
54.753
9.184
1.828
1.052
1.588
3.577
1.383
5.312
1.220
3.110
1.001
4.906
2.132
5.509
1.356
1.154
1.685
4.599
1.240
14.741
1.364
1.297
6.917
2.197
1.572
10.223
1.235
1.377
1.007
1.180
5.130
1.160
2.431
1.349
1.129
1.964
4.594
2.107
1.211
1.173
8.581
1.112
2.453
2.880
16.185
5.626
4.822
1.492
4.568
1.318
1.010
2.040
1.561
4.857
1.474
1.460
1.334
1.734
18.053
1.315
7.562
1.232
4.128
3.219
1.875
1.852
8.511
2.366
5.686
10.970
1.144
2.268
3.691
1.340
1.294
3.035
2.581
3.847
13.842
1.082
1.170
1.967
2.933
2.112
1.539
2.914
1.008
1.730
1.026
1.377
2.731
1.181
1.874
1.677
1.752
1.418
1.033
2.714
1.443
6.053
1.415
1.393
2.027
1.078
3.737
5.985
57.590
1.310
1.327
1.838
1.406
1.556
3.559
1.433
2.127
1.233
1.160
7.230
2.484
4.572
1.224
1.589
3.482
12.554
1.729
1.915
11.709
1.548
7.504
3.770
1.205
2.168
32.424
1.626
1.018
2.436
8.133
1.270
1.887
1.128
90.769
2.229
9.970
1.387
1.180
1.299
1.302
13.906
1.216
2.874
1.849
1.141
2.206
2.941
40.838
1.182
9.876
2.801
1.590
1.169
1.496
1.471
5.711
1.233
1.855
1.478
1.713
4.757
1.216
3.525
1.070
1.031
