1.562
1.327
1.321
1.178
1.338
2.743
1.117
1.123
1.044
2.509
1.346
1.377
1.232
1.230
1.114
1.183
4.735
1.187
6.831
2.914
2.198
6.370
2.136
1.634
10.713
1.382
1.673
2.105
1.096
2.208
4.169
5.377
5.952
1.046
1.300
2.139
2.105
7.095
2.589
1.077
18.464
1.404
1.146
1.075
1.553
10.535
3.027
2.696
10.253
1.562
4.755
1.434
1.011
2.205
3.067
97.574
1.595
1.150
1.601
2.794
1.837
1.428
7.519
1.731
1.972
1.009
3.816
1.692
8.098
3.927
5.309
2.019
1.212
22.100
1.850
1.125
1.682
2.498
2.662
3.497
17.603
1.333
41.190
2.376
1.460
1.161
1.235
8.930
1.327
1.858
1.592
1.594
17.083
1.136
2.517
1.194
2.056
10.849
1.147
1.618
1.243
3.794
1.646
1.141
1.939
4.951
1.080
2.324
1.951
1.017
5.340
4.438
3.051
8.358
1.013
1.220
1.228
1.677
2.913
1.230
2.175
5.883
1.058
4.389
31.809
59.401
1.487
1.527
3.887
2.443
1.142
4.843
1.990
1.682
1.178
1.304
1.026
1.619
5.850
1.716
1.322
2.290
2.063
2.811
4.613
26.157
1.767
1.365
1.110
2.195
2.667
1.431
2.483
2.001
44.368
3.011
2.045
1.306
1.026
3.575
1.286
1.474
12.298
1.619
1.006
1.014
1.634
444.301
1.488
1.281
6.712
1.576
5.019
1.016
2.093
4.290
4.346
1.861
1.209
1.045
2.431
2.852
1.565
2.688
3.041
15.651
1.999
1.839
1.057
1.061
23.941
1.227
1.376
1.159
140.849
2.931
4.690
1.941
3.269
1.275
1.263
1.152
30.018
1.568
1.855
1.405
4.227
4.004
1.075
1.044
1.045
5.090
1.021
1.387
1.806
1.357
1.464
5.478
1.072
2.527
2.943
1.120
7.701
5.218
2.786
1.187
1.208
1.011
2.168
1.451
11.757
1.288
10.186
1.463
2.158
1.346
1.073
11.336
1.093
2.372
2.997
3.011
2.966
1.397
1.873
2.081
16.731
1.340
1.065
3.188
1.230
3.570
6.234
3.723
1.744
2.476
2.810
1.478
1.270
10.848
17.590
1.338
6.457
1.041
1.215
1.189
8.783
2.781
12.465
4.040
1.456
2.329
6.548
1.185
1.026
2.072
6.798
1.787
1.495
3.695
2.487
1.206
30.906
6.667
1.227
1.945
1.338
10.342
1.526
2.897
1.655
11.842
101.334
1.174
1.336
220.555
1.269
3.814
5.937
1.146
1.305
2.599
2.250
5996.296
1.513
1.494
1.030
1.996
1.107
5.033
1.056
1.134
1.129
2.603
3.166
2.200
1.236
1.659
1.098
1.863
1.158
3.128
1.415
1.145
7.783
6.107
3.367
5.214
1.809
1.607
1.058
1.531
1.649
2.678
1.563
3.037
1.577
1.209
1.843
1.825
12.193
2.831
1.157
1.476
1.549
1.715
15.576
1.692
2.607
5.908
3.168
3.484
1.154
3.873
14.249
1.046
1.417
6.421
1.023
1.710
2.235
3.492
2.871
3.839
2.133
1.171
1.388
5.908
2.408
1.144
1.857
1.126
1.753
1.476
1.018
1.389
2.940
2.272
1.275
316.409
6.828
4.339
1.275
2.754
1.942
4.552
1.039
3.570
1.117
2.200
4.488
3.978
1.174
1.009
2.115
1.999
3.570
1.262
7.978
3.981
1.164
47.654
1.010
3.039
1.003
4.904
2.403
7.873
11.392
1.159
2.208
2.014
3.012
3.541
2.061
3.266
1.740
2.379
2.384
1.061
1.218
1.229
9.764
1.387
12.018
1.208
3.995
1.092
20.821
1.832
1.231
1.069
1.588
2.384
1.074
6.323
5.150
4.772
2.216
10.858
1.696
4.775
17.372
1.907
2.791
3.349
1.936
1.723
6.395
1.515
2.016
8.632
14.989
1.405
8.245
4.356
2.934
1.222
11.810
23.904
11.498
1.222
1.118
22.344
12.007
1.560
2.007
4.527
1.222
1.779
25.739
42.596
2.612
1.080
1.125
1.376
13.897
2.468
2.271
1.213
2.493
1.617
1.954
1.608
1.643
2.591
4.297
1.348
2.246
1.049
1.198
1.471
1.043
2.444
3.054
1.461
1.395
1.130
4.428
5.390
1.177
1.984
1.529
3.807
2.471
1.368
3.271
1.724
1.604
1.136
3.442
1.334
1.316
1.489
1.029
1.112
1.227
7.063
11.444
6.146
1.137
18.286
1.068
1.519
9.863
1.186
1.167
1.434
31.347
1.097
5.469
1.413
2.498
1.884
1.683
11.592
2.430
1.937
1.350
1.461
1.357
2.756
19.272
1.305
1.157
1.413
1.250
1.148
1.095
1.379
3.731
5.784
4.640
22.642
3.517
1.707
36.247
1.269
1.222
1.196
1.843
7.986
2.848
1.027
11.217
1.496
6.718
12.590
3.718
1.071
1.543
1.074
18.954
1.762
7.242
3.957
4.418
1.343
7.565
6.175
1.361
3.351
2.176
1.895
3.442
1.171
1.259
1.157
2.509
2.148
1.349
1.029
5.247
97.843
1.035
1.392
2.168
2.557
1.047
1.239
1.290
1.268
2.392
1.131
2.174
2.615
1.111
8.328
1.653
1.730
2.044
1.386
1.681
2.180
6.363
1.016
1.876
3.698
3.926
2.327
2.237
1.775
1.829
2.512
1.842
1.773
94.273
1.167
1.936
1.024
1.198
1.389
1.177
10.334
1.391
2.179
6.271
1.046
1.391
5.316
2.037
1.303
6.769
3.003
1.292
2.163
5.379
1.171
1.247
1.199
3.770
1.460
1.143
1.165
1.541
15.914
1.158
1.568
1.668
3.825
3.600
6.534
13.121
3.660
1.639
1.280
1.510
15.066
2.220
1.119
8.776
1.911
1.555
2.481
1.779
7.322
1.420
1.019
1.156
1.330
5.456
2.066
1.025
1.477
2.388
6.455
1.093
2.359
1.193
1.501
1.342
1.417
1.231
1.068
4.815
1.162
1.584
1.271
1.780
1.136
3.800
13.255
4.371
1.215
1.044
1.082
1.803
1.657
4.502
1.643
2.731
5.513
1.787
2.094
1.102
1.446
11.428
1.756
1.471
1.203
1.465
4.323
1.108
1.118
9.567
1.410
1.429
1.695
2.079
1.009
1.905
1.178
3.343
2.355
1.063
1.590
101.887
1.887
2.928
1.771
4.327
3.034
1.299
6.294
1.497
5.757
1.375
2.673
3.176
4.999
2.131
3.006
1.708
1.159
2.070
17.974
1.182
1.247
2.232
3.049
3.470
1.245
3.346
2.682
1.161
2.512
1.100
2.061
1.454
1.390
1.466
10.338
1.187
1.357
2.136
1.613
10.681
1.037
3.004
2.891
230.966
1.083
1.384
8.669
1.011
1.198
8.352
2.415
1.425
1.820
1.674
7.981
7.751
2.181
14.843
11.201
2.213
1.958
2.840
2.592
8.093
1.177
1.074
1.767
18.625
20.010
3.155
1.347
5.227
1.708
27.188
17.544
1.034
5.100
1.327
1.655
1.179
1.577
2.081
1.197
2.154
1.484
1.604
1.677
3.556
3.871
2.506
5.861
3.495
3.402
1.279
2.509
2.645
1.084
2.567
173.193
1.927
12.169
1.297
1.085
1.731
1.606
2.099
1.059
3.566
1.172
1.938
1.190
6.247
2.594
1.030
1.344
28.471
1.504
1.676
3.141
1.559
1.089
20.072
1.245
1.276
2.118
1.600
1.558
1.983
1.817
14.412
2.034
2.818
7.439
1.089
1.265
4.160
1.150
1.395
1.107
1.829
17.140
3.728
1.068
1.097
1.225
3.468
1.760
8.554
1.241
1.173
1.228
3.018
9.607
1.706
2.617
1.302
2.978
3.186
1.464
2.147
1.406
1.347
1.142
2.392
1.499
1.044
1.566
1.359
3.636
1.395
1.061
1.273
19.662
25.816
2.396
2.781
2.198
9.094
1.131
2.159
1.019
1.352
5.565
1.614
2.703
1.293
4.029
6.351
117.114
20.139
1.162
3.167
4.990
1.259
1.328
3.463
1.004
8.301
4.964
7.043
7.478
1.833
1.236
1.144
21.384
1.361
1.730
1.488
2.743
3.975
1.562
2.348
16.153
1.397
14.737
1.985
3.113
1.616
1.144
1.462
2.241
2.777
2.361
3.975
1.114
1.937
10.470
1.550
1.622
9.208
1.439
5.622
1.915
1.509
2.692
1.451
2164.174
4.202
27.848
1.020
2.403
9.465
1.363
2.486
17.679
1.459
1.931
9.463
1.309
2.827
1.093
2.323
5.537
1.513
4.299
1.392
1.890
4.042
4.485
6.982
1321.160
3.544
3.339
