2.357
1.299
4.065
1.842
8.962
2.701
1.964
5.259
3.356
1.675
22.086
7.643
1.825
1.564
1.265
8.400
89.499
1.012
1.037
2.122
7.222
1.356
1.012
1.075
26.495
1.519
14.769
45.328
1.156
314.665
68.460
6.417
6.031
3.781
1.024
1.034
1.853
4.680
1.135
11.008
1.069
21.764
1.203
7.399
1.972
1.496
1.014
1.542
31.925
8.108
3.443
2.068
2.957
17.077
4.499
100.009
20.487
6.295
1.368
4.981
2.033
91.159
4.646
3.485
3.265
17.154
1.057
2.015
1.880
6.364
2.807
1.059
10.885
2.183
1.096
2.454
11.224
1.610
8.971
2.833
1.039
2.986
3.188
1.064
2.774
1.622
9.242
2.911
1.631
3.887
1.020
1.065
3.314
3.344
3.356
2.249
1.554
4.242
1.382
6.638
2.656
1.357
1.313
2.748
1.351
1.857
3.483
1.185
45.253
2.318
8.094
201.779
2.630
14.562
1392.932
2.688
1.441
1.263
1.123
1.102
5.070
1.376
4.424
5.907
1.153
4.884
2.383
2.701
1.557
2.721
1.365
1.998
12.670
6.699
1.062
8.986
1.008
12.255
4.736
10.041
9.089
1.289
11.342
1.438
1.771
22.319
1.278
6.990
1.092
7.152
3.604
5.119
1.218
15.675
23.560
1.028
1.721
1.505
1.913
10.888
4.816
1.614
9.781
1.241
4.635
1.065
1.528
1.287
2.436
2.252
1.283
7.312
4.032
4.578
3.919
1.282
1.346
9.679
2.851
11.754
1.014
2.767
1.239
1.587
1.178
1.859
1.657
6.281
2.045
1.378
3.845
5.852
2.355
3.652
2.907
2.718
1.169
11.209
1.131
111.219
5.721
1.328
1.257
2.267
4.337
5.682
3.555
28.054
1.464
1.347
8.978
1.009
8.661
2.439
2.371
2.937
2.813
1.600
2.368
1.762
27.152
1.761
6.154
1.947
75.524
9.969
2.541
2.921
33.112
1.983
9.195
2.484
1.673
3.987
1.545
5.898
1.623
4422.595
5.301
2.897
32.543
2.553
1.063
7.997
4.505
2.372
1.797
3.049
6.327
47.268
1.399
1.901
4.294
1.252
1.091
1.646
1.150
4.693
2.698
4.336
1.574
7.429
1.108
1.170
1.397
6.775
1.609
1.362
2.102
1.200
1.020
31.282
1.066
1.042
2.040
3.101
6.548
1.502
4.406
3.299
2.407
1.600
3.293
1.093
1.999
1.696
4.130
3.473
1.814
5.488
1.235
11.476
1.788
5.698
1.920
3.358
2.300
2.270
1.860
3.571
72.088
4.804
1.097
6.832
2.828
2.940
7.208
1.401
2.531
1.619
1.360
2.174
1.193
1148.321
3.234
15.177
1.391
1.445
1.200
1.453
1.494
4.978
3.108
5.276
196.249
5.712
44.216
1.532
5.258
6.725
2.086
3.307
1.436
41.073
1.778
1.146
1.927
1.104
1.888
7904.214
1.627
2.782
1.166
1.085
2.840
2.038
1.937
1.767
1.270
3.147
1.136
1.041
30.310
1.607
5.081
52.795
24.694
4.578
2.421
1.171
1.275
1.262
1.453
7.507
3.355
10.478
2.499
1.080
1.985
22.914
1.836
1.085
4.934
1.497
1.293
2.025
1.276
1.240
1.737
3.520
4.571
1.202
3.084
172.234
1.068
1.285
10.528
4.463
7.521
3.477
1.288
2.285
3.961
60.330
7.104
1.047
3.883
1.092
12.120
1.083
1.077
2.670
2.307
1.380
4.782
2.719
1.081
12.860
1.310
3.354
6.294
1.917
1.100
11.334
1.179
3.478
3.223
2.272
15.552
1.069
1.953
3.962
3.942
1.421
1.555
2.772
134.996
13.859
4.899
1.898
1.188
39.242
1.538
1.383
15.954
23.489
4.898
1.429
1.218
3.466
1.022
3.570
1.136
8.738
2.220
1.062
2.542
6.829
51.371
2.570
4.483
1.243
2.913
1.253
3.416
1.139
70.537
2.465
1.976
3.088
1.042
1.632
2.126
1.529
21.241
1.253
22.258
4.386
2.301
1.924
1.110
1.856
14.717
1.847
1.325
8.573
1.855
2.955
2.208
2.509
5.321
4.457
1.448
2.376
1.077
9.017
1.440
1.263
1.834
4.587
2.778
2.467
38.751
2.605
2.038
2.653
3.361
89.360
1.265
9.790
2.307
1.280
12.148
1.198
1.456
1.707
3.036
4.677
5.408
3.617
5.695
6.471
4.538
7.704
34.768
46.669
65.123
16.569
2.737
6.298
6.263
1.234
1.082
3.112
1.318
1.424
1.205
2.981
12.067
1.298
1.635
1.024
2.466
1.615
3.609
13.617
4.447
1.125
1.839
5.501
43.793
41.911
2.853
3.600
5.146
1.996
1.175
12.530
1.193
1.161
1.596
1.519
8.670
76.005
2.103
32.042
1.864
28.748
1.444
2.210
1.530
3.427
1.060
1.333
1.320
26.057
5.121
1.802
3.650
9.592
4.831
11.413
3.311
2.766
1.227
9.790
20.975
3.835
2.463
4.445
104.930
1.136
26.287
2.117
1.531
1.063
1.376
2.887
1.479
3.999
54.931
2.416
1.416
1.237
1.541
6.054
1.344
1.785
3.818
1.585
17.384
3.323
2.954
1.633
2.104
2.463
5.305
1.146
1.333
1.666
15.686
6.169
1.473
1.314
5.839
1.198
45.231
2.167
5.623
2.599
13.060
1.334
5.828
2.309
1.839
5.930
7.265
2.548
1.287
3.538
5.309
5.765
9.060
6.546
6.096
3.709
1.021
1.541
2.853
4.988
2.208
1.924
2.783
4.868
1.916
4.592
16.838
1.747
1.318
2.088
1.996
1.123
2.785
6.224
3.827
14.290
1.436
3.548
1.282
2.578
60.553
3.329
275.001
1.681
4.006
13.899
1.245
7.488
6.432
1.828
1.273
82.921
19.476
1.252
2.219
45.252
2.129
2.290
13.276
2.116
4.620
1.291
4.165
1.286
1.183
1.264
102.242
6.783
34.170
1.176
3.165
1.486
24.103
1.078
1.291
10.012
13.683
1.112
1.322
1.232
2.923
1.595
1.466
3.375
3.709
1.150
3.892
5.510
7.926
2.329
1.057
1.108
3.497
1.362
3.672
3.696
1.108
6.209
2.760
1.616
4.826
1.140
2.227
2.117
3.544
1.074
6.765
1.488
3.103
1.569
1.053
5.261
1.405
169.571
10.115
7.063
1.717
1.431
1.105
1.232
6.760
3.713
1.716
1.534
1.232
1.526
1.260
1.372
1.192
2.171
11.073
1.478
7.227
19.282
1.311
1.360
1.112
2.418
1.322
3.213
1.941
1.525
2.036
1.869
1.727
1.362
11.673
1.823
5.388
34.002
1.321
10.440
12.104
1.208
1.718
1.096
7.853
12.141
1.065
2.004
1.126
2.297
8.266
2.141
24.310
1.625
44.975
1.723
1.152
1.100
1.401
1.097
1.481
1.525
2.771
1.688
2.899
2.236
1.889
1.023
1.138
4.142
6.020
2.906
1.428
1.013
6.517
1.219
1.168
1.444
1.431
9.186
28.182
3.572
1.807
12.549
3.151
16.565
1.217
3.220
3.495
1.198
1.484
8.941
1.055
1.012
3.134
4.148
180.128
6.556
24.890
1.645
1.209
1.805
33.507
2.518
3.615
1.628
1.110
6.855
3.972
1.657
5.837
23.939
14.761
15.778
119.484
1.711
2.860
2.465
1.038
6.294
1.886
1.012
3.740
1.976
3.018
1.305
8.433
1.653
1.228
8.899
1.013
1.966
1.532
2.028
2.237
4.676
8.013
4.022
4.438
1.187
50.319
6.498
2.741
1.502
1.056
1.910
13.713
5.091
1.229
1.557
1.334
3.762
2.626
32.212
4.740
1.166
1.083
5.433
153.538
1.883
1.409
2.978
289.469
20.472
1.225
2.989
1.456
1.974
2.084
2.125
3.735
14.759
1.053
1.141
2.995
358.609
19.222
3.395
1.415
1.030
1.601
3.338
5.249
1.134
8.508
1.452
5.981
4.802
4.454
4.853
6.299
2.357
2.306
3.491
12.526
1.391
1.634
1.293
13.476
1.264
1.857
4.323
3.401
1.130
79.788
1.125
1.887
1.201
2.696
1.335
3.749
1.843
1.542
3.651
32.698
54.420
6.487
6.475
1.695
27.154
1.110
2.915
2.841
1.529
1.248
1.019
2.066
2.648
1.394
6.579
6.781
1.934
1.137
1.156
1.309
3.145
6.398
1.122
1.176
3.795
3.560
6.196
1.391
2.063
1.152
4.650
12.267
1.227
20.345
8.665
1329.287
9.595
5.354
1.548
1.730
4.506
1.124
1.083
2.262
1.515
1.470
13.707
2.767
14.235
3.345
6.408
1.218
1.124
