1.699
5.054
98.986
3.998
1.428
463.899
1.025
1.815
69.523
5.388
807.657
5.856
9.009
1.850
2.614
120.080
19787.942
1.592
1.447
747.294
3.735
92.120
14.732
5.315
2.792
5.236
1.534
2.204
1.881
2.890
2.129
21.775
40.141
1.365
1.886
2.813
107.416
1.365
1.796
131.518
2.196
6.645
1.411
1.358
27.243
2.388
1.110
2.168
5.980
1.003
11.585
9.707
15.222
1.157
10.162
4.234
94.874
3.527
5.491
9.239
7.626
2.103
2.003
18871.342
140.791
4.030
3.545
1.683
1.876
1.107
10.046
2.529
2.927
5.879
15.977
12.684
9.430
4.127
6.019
3.058
352.485
5.383
5.078
2.058
3.607
1.304
4.596
1.556
2.191
1.029
2.814
1.794
3.565
203.811
4.244
20.872
6.052
1.823
1.136
1.782
1.236
5.046
3.897
1.475
2.258
1.279
1.295
1.380
21.621
2.460
3.236
2.939
2.249
6.743
56.838
6.166
1.217
4.356
1.035
1.657
1.298
822.051
41.636
1.243
2.160
46.925
2.493
29.132
1.215
1.439
1.702
4.873
8.262
24.976
495.163
5.095
1.031
36.352
1.294
12.765
6.390
5.082
1.667
1.125
2.525
29.256
2.533
21.901
32.449
464.351
1.281
10.482
8.274
1.125
8.651
2.341
1.943
1.292
3.513
1.083
2.172
2.518
4.720
4.642
32.518
1.036
5.740
1.307
1.097
1.314
1.728
7.101
5.039
1.480
8.476
1327.251
6.188
2.497
1.650
1.574
2.446
4.744
2.030
1135.087
2.679
1.460
359.624
13.145
1.162
7.453
11.587
1.881
1.561
2.165
37.748
1.035
2.223
178.766
124.185
737440.401
1.321
7.372
5.105
2.032
245.464
16.589
30.948
1.717
3.908
1.097
49.899
8.384
4.147
3.233
16.286
152.464
1.421
1.956
1.209
74.097
1.235
45.508
1.253
48.011
3.426
2.178
1.349
4.340
2.723
13.276
5.167
10.084
19.011
4.881
20.472
2.680
1.037
1.163
15.160
1.450
9.538
1.017
2.072
5.791
35.270
2.696
2.258
21.623
1.338
1.971
3.740
5.783
3.534
4.231
8.014
4.576
13.604
4.849
9.615
1.039
3.635
2.638
293.443
162.585
1.391
3.903
1083.721
34.001
1.214
5.344
44.530
1.336
17.939
1.002
1.740
5.963
1.911
1.469
7910.159
2.368
1.315
1.816
4.519
5.811
1.941
1.339
49.791
25.402
3.195
2.048
1.351
1.529
253.913
5.561
4.799
2.675
3.395
4.939
3.507
1.578
19.758
69.919
3.315
1.054
1.345
3.075
5.142
6.877
58.074
2.292
17.418
5.031
1.047
35.787
8.236
1.328
4.233
5450.490
12.096
7.232
26.807
18.871
2.746
1.267
1.216
3.507
288.477
5.717
44.078
523.657
33.125
25.063
1.788
5.046
26.116
35.369
1.055
2.037
2.822
1.121
9.682
82.358
1.052
2.902
2.586
1.091
1.258
2.396
1.769
9.236
1.136
66.464
1.158
7.494
30.179
4.965
6.849
2.940
7.100
4.579
1.471
15.153
11.048
65.005
1.165
3.748
1.131
22.455
3.441
2.835
2.783
1.066
136.173
1.236
9.889
56.044
10.197
1.487
1.332
4.891
2.230
266.364
4.821
4.866
1.443
61.671
119.992
2.475
2.306
16.916
2.544
6.014
1.845
5.237
2.138
4.030
2.122
1.339
10.064
2.314
3.674
23.262
1.834
1.108
1.677
8.450
5.262
14.770
6.996
1.794
4.798
1.116
2.632
78.531
2.363
1.592
3.345
36.995
1.550
1.430
12.112
5.709
11.836
435.796
1.092
2.920
123.184
14.825
2.135
5.376
1.013
7.028
1.630
4.048
2.568
3.824
3.737
95454.021
3.837
2.617
1.686
1.936
1.526
1.776
1.017
2.406
1.386
2.795
27.521
4.453
1.062
10.894
1.273
1.312
1.433
5.316
11.315
1.184
1.838
6.176
1.570
1.175
34.185
3.509
2.946
3.336
10.697
9.421
18.272
1.439
1.843
2.424
1.114
2.083
1.877
1.242
1156.400
46.976
8.146
3.570
4.367
1.599
1.464
33.255
5.664
2.413
1.540
20.052
3.761
1.135
8.950
1.410
6.906
90.482
1.412
137.425
10.527
1.301
13.173
4.078
39.728
85.012
2.735
1.961
1.526
2.314
1.938
118.884
45.157
10.508
3.097
17.297
2.336
837.699
1.404
1.605
2.150
6.436
5.913
3.565
65.864
6.204
177.941
3.841
4.751
1.340
1.251
1.863
7.440
1.025
1.257
1.943
5.757
2.864
2.662
8.713
3.604
5.148
4.284
21.423
1.326
5.402
1.838
1.070
1.181
266.816
2.714
1.138
1.826
2956.459
1.371
1.120
1.046
1.027
7.400
1.225
1.078
1.402
1.068
17851.436
1.619
4.603
32.516
1.237
1.644
16.820
9.605
1.187
2.321
29.448
14.329
2.493
1.030
1.242
1.117
1.451
42.680
2.595
12.223
3.661
4.438
12.888
2.316
24.134
109.113
4.082
59.975
1.056
1.396
5.825
4.520
2.543
5.558
1.634
1.753
191.054
5.247
2.106
2.600
27.154
198.935
14.244
7.434
31.021
11.592
2.469
1.781
1.651
1.140
5.295
1.091
1.512
138.961
18.487
6.272
2.826
1.448
1.622
1.346
302.257
1.284
4.101
1.103
17.464
1.693
3.099
138.122
2.868
2.251
306.922
3.512
1.510
1.756
15.875
2.177
241.735
2.212
1.419
137.817
3.350
1.366
11.441
6.353
5.899
3.559
96.481
10.623
76.307
3.259
1.837
7.950
1.812
2.237
6.180
1.699
1.564
52.567
8.171
405.830
4.471
10.861
6.658
3.733
2.217
1.163
1.438
1.541
547.490
1.557
3.694
39.034
15.775
3.389
1.539
75.007
1.128
6.751
2.486
28.466
2.126
4.263
2.004
2.086
6.308
1.137
3.033
1.469
1.747
1.077
664.456
15.386
1.290
1.019
3.702
1357.569
2.825
4933.543
1.868
1.498
3.967
4.637
9.074
15.869
1.835
2.232
1.412
2.047
2.171
12.308
4.844
18.034
1.702
6.420
150.175
7.740
8.993
7.106
1.280
4932448.421
3.572
2.282
2.248
2.428
1.198
1.551
1.019
1.194
32.078
9.336
1.623
21.281
1.249
2.105
7.324
4.200
2.874
11.307
2.446
21.459
4.139
1.077
248.238
12.013
1.111
9.377
1.629
5.914
7.217
2.432
7.136
1.001
65.429
2.222
9.015
2.392
23.044
2.411
1.118
13.500
2.033
1.665
4.557
4.929
1.321
33.904
1.557
1.103
25.679
2.778
112.620
7.399
55.481
20.329
1.657
1.943
2.280
10.408
2.034
1.382
2.532
1.748
8.356
1.641
7.889
1.195
2.123
5.547
103.871
1.131
108.833
1.025
7.693
6.113
8.700
2.017
1.188
1.640
7.123
50.404
541.566
8.437
3.173
18.480
13.079
1.938
14.245
13.381
11.954
2.305
36.394
1.010
1.415
2.299
1.118
3.120
5.261
1.822
1.109
4.713
26.148
6.995
12.246
2.297
49.605
1.128
171.963
19.081
1.088
3.793
1.756
6.565
4.632
13.268
12.360
50.803
4.454
1.583
8.455
2.499
1.422
65.472
1.485
2.478
3.821
3.115
3.907
1.181
3.439
4.562
263.224
1.439
3.575
3.149
1.140
56.367
1.031
2.177
63.389
10.515
1.866
58.062
4.711
1.105
1.118
10.027
1.117
1.141
267.088
9.762
3.344
1.074
10.325
262.467
3.148
4.365
7.704
14.826
2.686
18.314
1.770
11.131
15.173
11.861
33.060
2.082
84.019
18.060
1.200
118.183
108.804
10.043
373.487
1.219
16.175
11.438
28.509
2.764
3.039
1.810
334.684
1.227
1.342
3.662
1.977
20.008
3.760
9.354
4.291
5.194
1.515
1.450
1.751
118.114
24.355
207.450
5.407
1.591
2.426
3.744
28.322
2.511
14.690
11.401
2.710
3.375
4.487
6.116
1.716
7.803
1.022
338.643
1.351
9.006
15578.177
1.956
5.942
2.344
1.425
3.082
3.608
1.112
5.475
22.437
1.988
11.092
6.735
16.311
1.251
1.155
11.868
2.933
12.530
1.579
2.671
5.047
1.679
1.421
12.528
7.398
4.142
3.194
50.193
9.412
4.222
41.639
5.649
1.070
1.185
2.083
8.149
6.738
1.484
1.396
6.412
1.852
26.922
1.845
65.820
9.033
1.123
3.798
1.471
1.911
12.551
6.309
36.990
1.403
1.995
227.987
2.407
1.239
1.595
118.905
3.219
1.065
17.323
14.273
2.300
1.043
1.147
