1.897
1.038
1.024
3.269
1.028
5.822
3.022
1.750
1.777
1.079
34.774
1.095
3.658
1.594
5.190
3.108
1.412
1.280
3.228
1.864
4.388
2.498
1.228
3.582
5.331
14.195
2.110
8.208
1.646
1.875
1.794
1.391
1.674
3.515
1.187
3.386
1.082
2.702
1.286
1.180
1.507
1.546
5.518
1.202
2.077
1.086
2.627
11.434
1.866
6.253
2.425
5.407
2.426
3.406
2.802
2.765
1.618
1.385
1.788
8.852
1.801
1.085
1.322
9.220
1.058
1.727
1.979
1.807
2.466
3.381
1.158
1.090
1.786
2.782
2.138
4.307
1.004
1.728
1.006
19.715
1.954
1.304
5.456
1.318
1.065
1.665
1.237
1.791
4.225
2.409
1.226
1.286
1.477
13.256
2.374
1.224
7.803
1.127
1.708
2.279
2.420
2.438
3.332
1.177
2.631
2.989
1.100
2.066
2.692
1.299
2.378
14.735
1.095
1.430
3.781
2.325
1.992
9.202
5.130
3.476
2.608
1.113
2.645
1.466
3.402
5.697
1.324
1.729
1.149
1.349
2.221
1.523
1.063
1.037
1.404
1.571
1.568
2.773
2.011
1.130
3.245
1.783
1.265
5.802
2.093
1.326
1.023
1.524
1.027
1.291
2.406
3.182
1.015
1.461
1.253
16.660
1.018
1.255
8.955
28.266
3.259
1.271
1.145
1.951
12.962
2.080
2.457
15.446
4.752
2.366
16.948
1.013
4.383
62.093
8.468
2.030
3.711
1.351
1.407
1.337
1.224
1.953
2.180
2.547
4.072
1.117
3.680
1.220
5.998
3.675
1.606
1.527
2.596
3.121
6.867
3.717
1.270
2.286
1.282
1.913
1.398
1.166
3.963
1.427
1.762
2.401
1.210
3.846
13.494
11.138
1.054
1.695
1.012
1.694
2.446
3.357
1.601
2.101
5.967
2.332
1.185
1.242
2.719
1.750
2.909
1.289
1.024
2.493
1.206
1.899
2.230
2.603
1.916
1.238
1.284
1.006
1.772
1.139
1.206
2.201
1.385
2.138
5.710
2.535
1.510
1.423
1.116
1.932
5.455
5.912
2.558
10.248
1.061
10.673
1.004
1.087
5.256
3.527
1.219
1.338
6.770
3.597
3.783
2.923
15.431
3.527
2.697
1.133
1.154
1.743
1.099
1.190
1.116
1.137
1.833
1.673
1.344
13.853
133.055
2.684
1.129
11.151
29.417
1.244
1.006
1.616
2.215
1.656
8.317
2.119
7.486
2.327
14.091
1.496
2.637
1.002
2.332
54.355
1.056
1.224
2.857
3.481
1.258
2.474
1.829
1.924
1.317
2.087
1.261
1.794
1.063
2.570
96.435
1.954
1.519
1.346
1.310
1.315
2.143
10.449
1.742
1.522
1.392
1.976
1.364
3.881
1.699
3.723
1.881
1.870
1.637
2.101
2.599
11.609
6.195
1.942
2.436
1.470
1.377
2.405
29.650
1.041
1.472
9.889
1.446
1.092
1.223
1.355
5.846
3.637
1.368
1.011
5.612
2.788
1.038
1.989
1.238
1.295
4.446
1.133
7.470
1.038
3.542
1.041
2.376
6.613
1.278
1.142
1.003
13.409
1.805
1.445
2.677
2.079
2.471
2.754
2.186
1.005
2.075
52.170
2.269
2.271
3.393
11.881
1.736
1.027
1.043
2.102
1.388
2.625
1.792
12.056
1.500
1.819
1.166
3.825
2.830
1.838
12.242
1.091
2.907
1.217
2.089
1.358
2.089
2.855
1.217
1.226
3.323
1.209
1.041
1.217
6.376
1.531
3.311
1.012
5.781
3.307
2.392
1.214
2.225
2.194
1.048
2.639
3.021
15.894
5.490
1.455
2.063
1.053
8.228
1.309
1.169
1.310
16.055
1.861
10.035
1.268
1.393
3.439
1.008
1.177
8.447
5.230
4.448
8.813
4.144
2.342
1.760
2.238
2.304
1.208
2.663
1.330
2.888
3.356
2.159
5.743
1.245
1.645
1.416
2.566
20.516
1.490
1.489
1.288
6.592
5.125
2.272
1.912
2.903
1.264
2.195
32.515
1.527
13.108
1.122
1.555
1.252
9.308
2.394
1.769
2.383
2.289
1.463
1.292
7.702
1.914
1.984
1.071
1.102
1.086
2.996
1.843
2.068
1.080
1.420
1.731
2.472
1.606
1.360
1.187
2.127
30.373
1.175
5.805
2.481
1.293
2.392
1.205
2.807
1.161
1.429
3.812
1.192
2.213
1.200
1.086
18.340
2.129
6.909
1.010
1.207
1.046
1.301
1.758
1.015
3.592
16.578
1.032
2.243
18.931
3.110
8.447
1.065
1.956
1.448
3.179
1.546
2.052
3.425
13.426
6.212
2.084
2.995
1.414
1.124
2.947
1.147
1.970
4.081
1.479
1.011
1.738
3.237
2.709
1.315
2.198
8.204
1.493
1.050
1.237
2.495
1.079
1.985
1.845
19.824
4.002
2.579
1.742
2.385
9.709
1.180
2.088
1.328
1.057
1.978
1.254
5.339
8.225
2.170
1.817
25.793
3.004
5.687
5.514
3.161
1.630
1.301
1.713
3.417
2.192
7.904
1.926
1.545
10.167
1.226
1.090
2.703
3.926
2.771
2.694
2.038
1.398
7.325
11.985
3.315
1.338
1.015
1.500
7.251
2.924
3.489
1.066
2.707
1.454
1.934
1.535
1.158
7.654
2.075
2.020
12.606
1.076
1.262
1.283
1.137
7.391
1.051
1.575
82.829
2.735
1.347
2.654
2.518
1.086
1.044
1.699
2.025
1.220
1.385
1.637
2.278
6.863
1.311
2.642
1.644
3.802
2.236
3.806
4.139
3.085
2.470
4.092
1.024
1.105
2.939
4.575
2.476
1.289
5.415
1.044
8.004
8.764
1.337
1.250
6.431
1.479
1.652
1.243
1.293
1.600
1.435
5.875
1.554
2.363
8.908
7.360
3.711
3.236
6.867
4.279
3.547
1.248
3.004
3.686
1.244
1.028
3.182
1.812
6.388
3.402
1.579
2.839
1.194
1.196
2.547
1.805
1.779
3.633
5.031
2.082
2.865
5.584
2.499
2.656
1.385
2.686
2.534
1.019
1.254
6.968
8.518
2.321
1.206
3.247
1.091
4.272
2.070
1.704
4.446
1.804
1.554
2.100
2.187
3.747
11.076
1.254
3.017
1.695
8.688
1.884
1.965
1.564
1.385
16.340
15.669
3.059
25.421
1.392
2.005
1.814
4.777
1.194
2.359
1.718
7.348
1.270
1.288
220.769
5.125
1.188
1.743
1.144
1.447
1.391
1.140
1.423
2.434
1.573
3.850
1.855
1.072
16.032
3.434
3.391
2.603
2.241
3.705
43.640
1.371
1.047
1.132
111.220
4.787
1.016
1.114
1.056
1.864
1.771
2.437
1.075
13.892
5.521
1.169
1.038
1.786
3.418
4.811
8.219
1.241
3.519
6.502
3.160
2.148
3.699
1.009
1.807
1.153
2.294
1.026
18.635
1.128
1.474
1.612
1.758
1.443
23.056
6.031
1.499
1.101
1.214
7.082
4.179
1.154
1.184
1.110
6.865
3.157
4.755
2.205
1.759
1.851
13.532
1.154
1.230
1.050
1.091
1.181
1.020
1.325
1.218
1.498
1.625
30.417
3.387
1.374
1.118
1.361
1.284
1.532
10.573
1.932
1.175
1.389
6.620
1.056
6.114
2.557
6.255
2.851
2.512
1.155
1.331
1.726
2.539
2.546
3.182
3.859
1.854
3.115
1.146
1.164
9.576
1.723
1.028
4.900
1.172
9.310
5.883
2.344
2.435
1.995
1.036
1.281
2.102
1.057
2.828
1.390
1.361
4.093
1.426
3.056
1.147
1.250
1.127
1.491
5.204
7.268
1.039
2.080
1.502
1.107
2.009
2.079
4.186
1.643
1.082
1.300
2.180
1.885
2.711
3.752
2.040
1.236
1.058
2.075
2.025
1.186
11.861
2.783
1.374
1.698
1.055
1.666
2.155
1.213
1.293
1.869
1.754
1.619
1.119
1.581
1.189
1.166
1.325
2.423
1.058
2.066
1.572
1.644
1.536
4.766
2.058
5.418
2.473
1.744
1.112
1.160
1.044
6.374
3.473
1.271
1.052
1.105
1.528
1.049
2.263
2.104
1.204
3.120
14.377
5.560
1.481
4.463
6.740
2.245
1.383
1.079
1.203
42.247
2.518
59.819
43.647
1.786
2.446
1.629
8.854
1.215
5.922
1.014
1.040
4.035
27.635
1.239
2.554
1.561
1.047
2.929
1.944
8.774
1.287
1.313
1.067
1.034
4.143
1.665
2.335
1.443
1.471
1.712
1.298
1.203
1.221
1.015
1.131
1.565
3.216
1.285
1.314
