4.316
1.657
1.116
7.362
4.648
7.871
1.633
2.457
1.653
9.068
1.035
1.456
12.044
23.964
39.762
3.954
10.161
67.999
2.384
603.059
1.337
18.203
3.783
2.375
1.286
1.232
31.378
5.411
52.985
25.908
70.938
1.223
3.811
3.272
1.738
57.282
1.047
4.093
5.476
3.847
1.065
7.923
1.840
220.945
5.142
4.190
7.636
68.633
1.006
3.689
3.651
4.563
25.024
1.159
13.155
5.294
3.094
1.543
16.401
1.013
1.270
3.981
1.930
2.633
58.354
1.413
1.237
3.843
9.388
1.904
1.449
1.063
2.207
38.641
4.215
25.901
1.651
16.570
118.951
6.074
112.966
1.271
16.235
2.453
3.620
2.750
2.206
6.356
7.590
1.163
2.510
1.820
22.501
31.656
4.863
1.524
1819.160
2.836
93.740
1.703
2.847
8.493
3.878
2.545
1.956
7.953
6.940
2.929
1.086
40.084
17.156
422.980
8.433
3.031
13.605
8.164
5.906
53.909
2.010
2.448
3.685
29.168
9.686
1.189
1.304
3.937
1.134
1.555
2.229
23.150
4.074
1.603
1.068
2.100
1.273
49.315
12.651
519.097
505.994
494.944
2.219
1.593
2.965
1.802
4.285
15.324
1.253
1.228
505.984
20.526
4.949
4.480
1.001
6.166
3.686
18.112
2.103
56.664
19.221
1.076
1.098
2.050
6.439
1.249
77.636
1.412
11.258
2.314
1.865
161.747
77.739
4.706
5.040
1.415
1.048
8.232
1.034
1.091
2.791
46.569
22.018
1.285
69.862
1.470
1.294
1.701
3.229
178.636
26.099
1.522
10.289
13.079
2.111
3.022
12.014
4.912
1.082
2.478
9.154
33.167
1.234
1.427
6.515
1.368
3.907
1.096
1.565
92.414
6.865
5.170
7.837
22.909
1.270
3.573
1.425
15.435
3.101
18.356
1.928
30.201
11.838
29.064
1.506
1.159
1.255
3.714
1.186
1.013
3.684
10.825
2.228
8.903
1.125
1.364
1.158
10.049
1.371
2.164
1.573
7.339
82.420
6.397
1.114
8.286
559.848
3473.993
1.220
1.191
8.832
1.222
116.955
8.043
1.567
1.891
6.048
6.959
1.760
3.074
4.244
1.647
6.618
9.335
1.966
2.176
8.767
3.341
12.537
2.190
4.823
2.536
1.147
6.129
1.815
1.259
2.156
1.119
6.999
1.544
1.058
16.777
319.819
6.718
6.658
1.484
1.135
13.026
14.851
7.214
1.065
1.210
2.382
1.412
2.282
2.033
2.171
23.642
1.019
1.060
7.820
518.679
3.831
1.837
1.423
3.245
2.099
5.374
47.160
1.613
3.835
2.433
3.388
17.093
2.203
1.384
1.582
2.915
1.651
20.946
9.260
4.572
1.108
3.701
218.506
1.105
1.725
1.707
4.630
2.784
1.031
12.508
4.368
3.290
8.573
1.111
3.095
4.114
6.364
3.000
98135.804
8.473
2.039
4.669
1.822
1.117
1.199
2.581
8.963
3.351
2.701
4.867
2.051
11.086
2.440
2.365
1.004
1.318
1.182
139.889
2.428
5.168
329.312
6.659
6.310
1.326
1.248
422.239
7.648
12.220
1.911
4.389
9.179
4.203
6.283
15.876
19.904
166.461
1.271
1.879
5.736
3.594
1.954
2.310
2.203
16.577
2.561
1.375
5.159
1.061
1.679
2.557
5.910
20.306
1086.665
1.998
1.520
31.922
1.584
15.065
2.443
22.685
1.993
35.411
2.178
1.281
43.597
65.676
13.434
329.538
2.081
902.223
25.728
2.151
1.250
12.493
1.173
9.038
6.629
10.295
9.504
1.278
4.170
4.531
2.530
2.433
1.035
2.986
2.851
7.341
3.521
6.400
12.113
4.630
9.042
103.300
1.272
3405.582
3.911
1.401
1.034
21.771
1.503
66.331
154.497
27.027
1.074
3.074
1.836
1.338
13.798
1.954
8.699
4.928
1.165
1.409
42.144
2.587
1.157
1.975
1.784
6.698
7.220
1.532
4.948
10.828
1.470
21.443
84.145
4.360
513.720
5.658
41.934
15.052
5.262
2.486
1.850
1.352
1.476
36.093
1.016
7.192
151505.476
1.048
3.739
4.224
1.862
1.237
5.675
4.319
854.912
1.077
1.373
10.087
1.386
1.551
1.033
2.286
4.397
1.548
1.347
18.062
2.717
22.006
21.875
2.612
1.301
7.646
3.927
1.682
1.610
394.262
1.303
5.875
3.064
27.867
1.718
2.464
30.941
4.539
6.307
1.717
1.296
1.028
4.794
1.336
1.642
7.645
2.561
7.174
1.393
4.058
10.538
23.804
1.792
13.863
1.289
4.758
17.200
11.182
13.645
5.582
5.470
7.658
3.721
90.524
2.073
54.063
6.210
14.865
1.163
13.124
1.307
3.974
2.768
4.681
2.776
7.519
1.624
1.155
12.324
5.763
1.788
3.761
14.537
2.711
1.589
1.073
1.534
2.193
3.926
72.384
12.472
1.609
3.571
1.244
10.922
30.819
2508.919
227.096
1.593
2.112
5.661
1.965
1.129
1.607
1.002
2.881
2.074
8.470
34.362
1.294
4.108
3.092
5.464
6.113
1.197
13.009
17.219
5.044
1.315
2.514
1.838
1.056
2.297
2.022
1.398
1.025
1.482
1.764
169.346
1.488
1.021
1.275
1.481
1.459
4.447
17.577
1.170
101.365
617.237
1.668
2.466
2.140
468.896
1.401
2.960
1.561
27.261
6.679
8.704
2.347
4.202
31.329
3.291
1.367
1.864
7.092
20.961
7.067
13.463
58.516
4.478
1.099
1.162
1.667
1.235
5.506
2.977
2.323
2.606
7.488
177.656
5.792
5.516
10.219
49.424
53.992
1.354
6.494
3.306
1.116
1.570
2.088
10.813
1.768
1.213
12.952
2.239
1.167
5.019
1.313
18.736
3.809
1.174
534.965
11.306
1.251
2.375
2.675
2.368
1.809
4.152
1.811
2.565
221254.083
4.358
1.278
1.230
181.019
67.048
120.176
2.635
1.400
5.110
1.204
2.901
3.635
2.402
5.184
2.902
5.857
4.970
72.931
38.256
1.753
16.024
1.339
3.993
1.590
1.755
35.013
8.744
1.555
1.289
1.814
1519.953
7.086
2.204
1.140
1.477
1.931
4.616
8.639
4.903
35.324
62.442
2.018
42.228
17.872
6.041
228.922
1.957
7.508
3.160
11.712
4.040
4.899
16.747
1.814
4.700
1.137
1.661
2.400
1.998
13.784
611.987
1.857
2.468
1.864
1.611
1.179
3.663
8.531
13.612
1.066
3.391
5.692
1.251
90.001
1.842
2.844
13.889
49.086
497.906
3.280
1.190
1.708
15.662
1.397
1.844
33.511
1.034
1.188
4.473
5.706
1.034
1.914
5.853
1.484
1.063
1.931
5.947
3.096
1.016
10.191
14.068
260.833
1.653
11.567
1.386
56.483
59.476
1.705
1.084
1.021
17.405
1.239
4.004
5.621
13.235
869.434
1.096
1.677
1.023
1.766
5.520
1.467
4.692
1.748
16.298
1.306
2.573
1.287
12.691
2.155
58.095
1.395
11.243
1.972
3.634
2.814
81.163
1.186
1.789
2.078
13.094
5.036
1.481
1.108
14.423
3.510
1.049
1.153
5.011
1.881
1.536
7.595
900.341
1.312
14.584
2.563
787.546
1.622
3.447
63.220
12.844
1.150
4.776
1.106
1.080
142.600
3.705
1.779
23.382
1.492
1.135
11.495
5.221
3.597
2.625
139.194
1.805
8.626
1.871
2.044
1.310
4.414
5.323
1.225
1.240
1.014
1.647
21.364
29.354
2.263
1.688
2.850
649.338
1.959
1.490
8.490
1.104
2.244
53.667
1.091
1.381
1.880
1.372
5.461
3.959
11.124
1.056
2.007
1.263
1.028
1.926
4.459
3.299
19.284
19.389
1.563
1.272
12.149
1.656
1.868
4.580
20.214
1.522
3.767
146.336
16.651
3.192
1.631
1.335
1.610
44.233
1.359
1.350
2.183
1.738
1.539
3.060
3.270
10.732
6.189
23.713
1.389
1.253
4.296
1.380
25.165
4.898
1.311
26.020
324.120
1.044
1.194
2.536
2.943
5.886
1.234
133.548
4.336
1.212
8.032
1.028
13.852
1.172
1.609
1.329
1.106
1.101
2.045
1.886
1.565
1.122
1.171
43.135
2.484
6.214
2.221
1.187
20.894
1.603
3.440
58.421
1.432
1.152
1.979
12.678
1.777
1.571
2.680
17.287
15.650
2.109
1.453
1.382
1.234
1.135
6.127
3.449
3.594
1.700
2.687
8271.822
5.169
35.132
1.125
1.189
2.201
4.395
178.793
43.199
3.235
136.322
2.478
1.391
1.156
5.761
24.404
