14.117
1.369
1.985
5.482
1.123
2.362
3.071
1.052
21.872
2.065
2.470
1.812
1.982
1.221
2.850
3.926
3.876
1.722
1.848
1.274
3.389
2.322
3.625
2.424
1.263
1.334
5.025
1.425
1.087
1.554
1.506
1.356
28.997
11.385
5.506
4.717
3.134
1.099
2.195
1.745
1.264
1.003
45.015
1.060
195.614
4.396
1.757
1.128
3.214
1.370
8.877
8.732
6.250
13.802
1.132
1.763
7.979
3.289
3.582
1.030
2.194
7.167
1.978
3.073
2.709
1.254
13.533
3.083
1.480
1.302
3.291
1.065
3.927
1.693
2.967
2.852
2.117
12.775
3.521
4.251
4.115
1.323
1.356
3.366
217.818
75.101
1.032
2.776
3.180
1.386
1.282
1.246
1.054
1.197
1.246
4.768
1.300
2.201
6.426
75.621
54.933
2.697
1.658
2.378
1.060
1.658
1.194
1.083
1.418
4.601
6.280
2.087
52.168
2.294
5.013
1.131
4.303
1.227
2.027
7.188
1.729
1.295
1.093
2.902
1.659
5.543
2.156
2.314
3.476
4.669
6.228
1.231
7.216
2.064
2.089
4.007
5.762
1.603
2.452
1.149
5.052
3.160
16.446
2.120
71.380
240.980
36.958
1.121
1.293
7.535
2.667
2.163
2.600
2.001
3.253
1.128
32.531
1.115
6.557
1.182
1.401
10.445
1.593
2.296
4.802
2.025
1.395
1.395
9.134
5.518
2.358
1.824
1.219
80.425
3.479
9.702
12.660
1.265
1.303
3.836
1.333
11.633
1.158
2.704
3.889
2.162
360.857
3.128
2.235
1.104
1.250
1.568
1.071
2.245
1.129
2.432
1.398
1.711
2.254
2.075
11.165
2.218
1.550
1.604
1.646
38.844
1.486
2.722
7.007
2.291
1.074
1.719
1.481
1.222
1.293
1.169
1.068
1.831
1.664
4.787
19.992
2.629
1.727
4.648
1.123
1.324
1.603
11.566
5.434
2.382
1.751
2.107
2.040
16.000
1.441
1.850
2.196
1.310
1.273
1.029
1.202
1.283
1.258
1.098
1.239
1.640
4.664
7.792
5.061
2.522
1.363
1.192
2.136
2.102
1.015
1.073
1.823
1.091
1.488
2.568
1.289
2.325
1.865
1.449
1.412
4.113
1.064
2.669
2.645
4.010
2.187
4.708
1.132
1.356
22.725
5.762
68.226
2.025
1.713
3.603
14.172
3.937
1.189
1.386
3.207
1.550
14.364
1.086
1.680
2.837
1.234
1.595
4.727
1.433
1.011
1.681
14.025
1.497
11.153
33.514
1.725
27.757
6.557
4.145
2.442
2.079
2.295
5.007
2.211
1.728
22.277
1.042
1.156
1.280
1.020
1.505
1.385
1.034
1.115
7.020
1.105
20.743
1.113
3.403
17.468
4.077
1.320
1.727
241.008
1.600
15.319
3.314
1.653
1.151
1.328
3.666
1.022
1.094
1.206
3.868
1.097
1.512
45.251
13.995
1.594
5.158
1.904
2.328
7.371
11.969
10.341
1.110
1.656
5.051
1.099
4.945
966.578
1.901
1.250
1.239
1.392
1.196
1.168
1.228
1.848
64.843
1.687
1.020
1.433
4.623
1.527
3.161
1.864
1.335
6.718
2.448
2.925
1.871
1.158
1.825
1.913
4.871
1.074
1.486
8.132
2.145
6.775
6.313
1.709
9.114
1.121
5.609
2.441
1.456
2.622
1.457
2.706
4.990
1.422
12.582
10.991
25.638
43.750
5.133
1.710
1.624
1.008
68.857
1.329
1.088
8.436
4.526
6.986
1.102
1.042
1.709
11.867
1.163
8.239
1.704
7.812
1.060
8.363
23.632
1.615
72.969
7.725
3.000
4.467
8.181
1.975
1.301
13.232
3.708
3.270
1.845
1.811
147.497
1.156
6.425
1.234
1.708
1.764
3.694
24.620
2.019
1.188
2.999
1.562
60.497
2.603
2.211
1.169
2.748
1.507
1.920
1.300
2.713
2.403
1.279
5.372
1.140
1.046
1.987
1.763
1.104
1.347
4.055
5.263
1.345
1.265
2.132
1.374
2.239
7.896
3.019
2.331
36.187
1.029
1.320
1.457
8.306
11.995
4.968
1.030
1.604
3.771
1.271
1.052
1.078
2.365
99.232
3.227
11.857
9.759
3.960
66.859
1.160
1.505
1.562
2.407
5.453
6.478
1.119
8.799
1.053
2.572
1.726
1.014
3.040
3.207
1.337
2.067
4.644
1.464
1.872
1.151
2.181
1.608
4.607
1.234
2.158
1.016
1.036
1.389
1.807
1.214
2.001
2.018
1.161
1.422
4.173
17.227
1.538
1.371
2.675
14.902
1.401
1.335
1.883
1.955
1.054
16.640
2.088
1.417
4.841
35.596
1.099
1.234
4.064
1.484
1.158
10.265
16.840
307.269
11.846
3.791
14.175
5.324
1.673
1.316
55.762
1.211
10.611
1.138
3.190
6.375
4.966
15.736
5.895
2.130
1.458
4.973
1.926
11.561
2.012
1.559
1.173
4.881
6.139
2.489
2.552
2.080
1.846
2.451
1.751
5.762
1.026
2.445
1.944
1.837
5.021
1.146
1.077
1.140
1.556
8.246
1.991
26.949
1.980
1.035
4.148
2.768
1.251
2.498
1.667
1.443
1.811
1.019
6.675
1.410
22.023
1.529
3.051
1.704
106.225
17.827
7.166
1.303
3.971
1.141
95.250
8.238
1.396
19.245
1.645
1.362
1.069
8.845
16.650
5.054
3.038
3.719
1.627
8.215
1.489
1.801
4.864
1.365
1.117
1.464
1.756
4.403
3.509
7.012
1.204
1.166
1.033
1.792
1.963
3.962
4.115
6.556
3.699
1.176
10.349
2.366
1.109
2.304
32.967
12.278
2.768
4.625
4.437
4.163
5.396
1.757
19.563
1.049
1.919
7.640
1.183
1.690
89.209
1.672
1.108
2.316
1.278
1.131
118.407
3.460
1.606
8.220
4.823
6.056
1.132
4.058
1.605
1.041
1.040
3.362
1.093
1.545
2.391
1.187
11.449
1.788
7.650
1.002
1.107
5.254
16.738
1.337
1.211
1.489
12.517
8.076
8.961
1.136
2.956
3.610
2.579
4.090
1.509
1.957
1.281
1.215
2.347
1.771
125.159
4.873
4.876
14.876
1.409
63.051
1.073
1.368
6.198
1.190
1.165
11.487
2.457
2.591
2.058
19.147
6.810
1.627
1.320
14.470
1.206
48.067
2.597
1.235
12.706
2.366
1.566
8.916
2.039
1.032
1.465
2.381
2.240
1.530
1.969
1.666
7.939
11.541
10.621
4.853
1.732
4.166
1.563
1.272
1.689
1.672
1.539
2.666
2.639
1.913
1.203
1.673
2.241
1.777
5.348
26.756
1.046
2.390
21.664
86.557
42.329
1.080
1.687
1.328
1.001
1.018
1.106
2.755
1.049
1.102
1.154
1.196
28.935
1.945
50.216
4.814
1.022
1.607
1.736
12.158
1.891
1.051
2.134
3.754
5.098
1.268
2.266
2.457
1.018
1.866
83.858
1.579
37.815
4.225
2.551
10.720
2.914
2.432
5.271
1.941
1.021
1.202
1.355
1.575
2.439
3.003
1.418
4.755
12.110
11.445
2.061
1.618
2.351
1.459
1.395
3.383
6.790
1.402
1.767
1.231
1.152
2.016
3.491
1.704
3.538
1.217
1.069
31.504
2.557
15.235
2.358
1.912
2.678
3.050
1.073
1.643
2.878
1.371
1.584
2.699
1.919
1.573
6.596
1.376
18.199
1.908
1.314
5.021
6.352
1.703
14.726
2.584
1.800
6.214
1.161
2.577
2.628
4.931
1.267
1.564
1.021
2.955
75.672
1.272
1.754
1.414
1.113
4.345
1.830
1.215
6.056
6.355
1.674
1.208
89.118
1.586
2.147
7.712
1.093
2.227
5.859
1.638
1.197
5.040
7.597
5.844
4.390
1.674
2.118
2.895
3.555
1.303
3.281
12.898
2.406
1.475
11.943
1.037
6.608
1.337
4.155
1.216
12.510
2.190
3.617
2.329
8.638
1.035
1.126
4.370
1.496
6.930
1.283
4.608
1.221
3.745
7.556
2.139
1.324
1.316
1.529
2.964
1.268
1.301
1.385
2.358
12.719
1.287
1.186
2.536
1.955
1.603
3.200
16.547
1.348
1.720
4.154
1.583
1.729
3.398
8.119
6.918
2.578
1.093
5.314
37.738
1.055
7.873
2.700
16.412
4.634
4.039
1.973
1.666
1.566
1.305
1.396
3.585
1.789
1.741
9.299
1.570
9.237
8.815
7.371
1.776
1.293
1.162
1.020
1.019
2.741
1.248
1.706
1.139
17.309
2.104
4.355
2.952
1.070
2.082
1.013
