5.366
13.811
3.625
1.054
1.720
1.221
5.876
2.124
13.850
1.129
1.899
1.117
1.857
1.057
1.425
6.956
4.782
1.076
1.592
1.304
3.694
19.716
1.840
8.477
1.417
2.755
1.298
20.833
1.982
1.801
14.155
12.871
1.931
4.285
1.104
1.847
2.220
1.922
4.811
2.631
6.552
1.971
14.482
1.680
5.076
10.518
3.588
45.064
2.028
1.378
1.100
1.645
2.187
1.182
1.154
1.003
3.144
2.994
1.745
1.503
1.028
1.975
1.776
11.992
1.101
6.847
3.341
44.323
1.290
2.010
1.109
4.859
2.682
21.022
59.909
4.093
8.267
3.246
6.223
2.219
7.724
2.902
3.509
1.072
1.078
8.734
1.329
1.330
3.234
2.618
24.050
2.119
1.734
2.807
1.017
1.406
27.052
1.177
1.754
3.168
3.435
4.179
4.885
2.157
2.384
16.280
1.447
5.460
2.122
16.378
1.948
32.035
1.145
2.518
1.832
3.052
2.836
1.116
8.436
1.229
1.255
1.035
10.289
1.075
41.351
3.031
1.655
1.368
1.349
2.037
12.141
16.731
3.841
15.364
1.414
1.346
4.513
34.055
1.026
2.299
62.395
2.624
1.227
1.193
1.109
1.392
1.681
1.567
1.034
2.972
20.127
1.178
130.369
1.129
1.987
1.768
13.749
1.635
1.250
1.359
1.082
1.217
1.330
1.461
1.115
3.215
1.225
26.905
1.831
3.933
4.576
22.241
1.314
1.717
2.880
1.005
4.546
1.428
1.676
12.231
2.077
7.001
1.672
2.798
1.160
1.755
1.615
1.175
2.869
2.316
1.390
1.110
10.983
1.497
1.692
1.277
8.091
1.716
1.204
3.828
4.840
1.597
17.353
1.506
1.378
3.937
1.398
3.396
1.085
1.955
3.399
1.416
3.040
2.385
4.491
7.752
103.256
8.853
1.228
3.830
1.842
1.093
10.680
1.400
1.940
1.394
1.838
1.573
1.000
1.824
1.085
5.100
1.087
6.808
6.956
1.681
26.407
61.442
1.182
1.762
3.243
8.354
2.459
2.131
2.085
1.682
2.389
1.529
1.853
1.251
1.919
1.479
6.398
2.259
5.475
2.496
11.482
6.632
1.066
1.080
2.295
1.705
1.436
2.772
2.041
1.730
1.741
6.749
7.759
3.059
1.895
1.126
3.565
1.146
1.156
12.405
1.312
2.774
1.057
1.366
1.421
1.593
3.817
1.524
3.015
23.765
1.113
2.154
1.212
3.195
4.256
1.541
2.499
1.446
1.202
2.875
2.558
11.208
1.145
23.821
4.279
1.838
11.273
1.565
26.591
1.483
1.508
1.947
16.505
3.375
2.584
8.471
1.104
1.118
4.497
21.126
1.531
1.183
1.092
2.490
10.048
1.049
8.227
1.161
10.270
1.155
24.800
2.469
9.033
7.187
5.407
1.058
3.132
6.264
1.210
1.244
1.514
1.670
4.255
1.525
1.150
1.186
1.847
6.825
1.179
1.008
3.272
5.241
7.852
2.307
2.816
3.216
2.026
2.937
1.005
3.360
2.762
2.553
1.018
11.539
4.858
2.130
2.481
1.155
11.520
1.910
1.187
4.655
3.393
3.108
2.570
1.796
1.208
2.188
5.024
10.366
1.417
9.351
2.629
1.521
2.449
1.951
1.738
3.073
3.683
1.153
1.021
1.535
2.015
1.447
11.103
10.903
1.323
2.118
1.969
1.858
3.357
1.066
6.795
1.338
1.916
1.774
2.130
1.086
2.852
4.680
2.180
3.224
9.831
1.007
1.107
5.437
2.041
14.927
1.064
2.772
2.701
4.633
1.632
17.099
1.225
1.310
1.220
2.782
2.999
1.131
1.278
2.147
3.454
1.992
26.079
21.383
3.540
2.074
1.101
1.104
8.353
1.926
2.326
11.070
1.274
3.056
1.185
1.500
4.864
7.294
4.623
2.355
6.639
4.558
1.779
4.826
1.357
1.189
1.102
23.046
1.188
1.928
1.254
1.269
1.138
1.049
2.070
107.483
3.845
1.647
2.224
1.116
2.406
2.487
1.221
1.207
14.877
2.856
1.226
1.315
1.151
1.380
1.767
3.119
12.638
1.505
21.787
3.590
2.008
1.293
3.223
1.234
1.324
530.704
2.600
12.364
5.100
5.925
2.734
1.625
7.767
1.570
1.535
7.493
10.242
1.313
5.094
2.352
5.810
28.688
1.137
1.555
3.299
5.975
33.159
12.142
1.636
3.169
4.130
3.255
1.692
2.526
1.662
1.600
1.826
1.367
1.685
3.399
1.610
3.085
1.810
1.193
1.711
1.462
1.240
1.066
8.261
1.639
1.867
1.258
1.268
1.349
1.317
6.256
2.143
6.587
4.533
1.066
13.723
1.352
2.783
11.804
1.572
3.697
1.418
9.800
4.904
2.618
1.789
1.690
895.992
2.542
7.164
7.063
15.639
2.086
11.524
1.084
37.832
1.416
1.180
5.076
2.926
1.153
1.580
1.234
7.984
1.814
1.887
1.283
4.543
3.289
1.463
1.595
5.755
2.642
140.865
1.103
1.150
1.087
4.444
3.184
9.667
1.330
1.149
73.813
3.721
4.386
1.592
1.899
2.380
1.434
1.329
1.067
1.384
1.184
18.595
1.187
2.476
4.340
4.306
5.282
13.449
5.510
1.090
1.243
1.403
1.438
1.510
3.592
13.687
1.040
2.039
1.614
2.365
40.621
4.026
2.288
1.109
7.005
1.395
1.572
12.574
1.103
11.562
1.530
2.032
1.146
8.219
25.652
2.752
31.055
1.797
1.358
3.508
2.289
1.460
1.001
6.083
1.466
5.269
1.042
1.061
103.006
3.316
2.512
1.718
10.943
6.933
15.642
12.543
64.908
1.477
30.901
1.260
2.186
2.078
5.291
2.032
4.459
2.474
1.415
1.245
1.012
3.434
1.064
2.656
1.088
1.119
2.246
5.215
1.956
1.055
2.404
2.872
3.043
3.748
1.429
6.083
1.015
2.032
2.809
19.975
1.990
1.468
2.020
3.759
3.233
1.584
2.855
20.516
5.139
1.703
1.080
3.444
2.014
30.349
1.710
1.098
1.363
1.105
3.145
1.673
3.369
1.004
1.557
6.646
1.004
6.027
17.428
1.020
1.176
11.419
13.111
1.603
86.403
1.407
1.125
3.813
3.824
5.842
7.228
2.202
1.230
6.265
1.282
1.212
6.971
6.328
3.311
1.405
1.028
2.763
1.524
3.551
8.207
7.353
1.213
1.193
1.107
2.185
10.547
2.154
1.975
1.521
2.307
1.100
8.101
1.193
4.387
1.539
1.309
2.766
1.869
1.952
8.556
4.694
3.403
6.013
1.482
1.159
1.282
1.038
5.766
23.703
35.616
1.577
7.783
1.679
5.231
2.533
1.621
1.693
1.117
1.446
1.959
1.168
4.861
2.304
2.321
6.791
6.789
1.112
3.463
1.512
16.214
12.732
77.394
1.490
340.683
1.967
1.157
1.471
2.219
1.118
1.960
1.842
1.145
1.049
2.075
4.175
3.924
26.854
1.275
2.399
1.239
4.203
1.251
1.039
21.479
1.756
12.578
13.060
2.350
1.971
1.024
2.455
10.643
2.773
2.268
1.785
1.689
2.369
8.764
1.105
2.137
1.354
2.492
2.427
1.366
18.039
1.967
1.268
1.925
182.566
1.098
23.601
2.485
1.062
1.152
1.712
3.243
3.906
1.070
8.276
1.026
3.055
1.324
32.181
1.992
1.053
3.836
13.885
1.817
1.107
1.287
1.558
2.394
1.372
1.697
4.400
2.149
1.888
8.313
3.404
13.067
1.085
1.265
1.153
1.092
1.359
1.273
1.005
8.467
1.210
1.559
1.535
46.661
1.034
5.001
1.182
1.213
7.016
1.446
1.851
1.103
4.246
7.464
1.575
8.155
1.172
8.258
2.393
11.749
1.438
1.183
2.947
1.656
2.077
8.555
8.302
2.290
2.260
2.542
1.285
1.581
1.943
1.058
5.235
1.053
1.010
128.953
1.034
1.509
1.091
1.008
1.069
1.937
20079.205
1.472
3.123
3.148
9.706
3.660
5.307
1.100
1.128
1.708
1.538
1.882
1.677
3.800
8.760
10.798
6.418
1.922
5.034
5.929
2.534
2.914
3.273
774.206
64.141
1.494
23.462
12.756
5.895
1.519
2.024
1.414
3.830
4.345
1.850
1.186
1.514
1.332
1.259
2.521
1.238
2.179
47.259
2.160
1.708
5.746
4.093
2.476
126.355
8.050
1.374
14.364
1.050
2.560
1.209
4.526
2.107
1.637
3.607
2.546
12.465
1.723
26.588
1.783
1.248
1.724
5.179
4.803
2.651
6.591
1.336
19.638
1.902
1.560
4.153
1.675
