3.204
7.620
1.520
1.402
1.103
550.909
3.204
20.425
1.138
9.236
18.938
2.590
4901.313
11.552
2.240
19.541
1.234
12.382
4.216
11.888
10746.404
1.123
36.174
3.302
95.591
1.137
1.786
1.379
25.152
1.660
130538.695
5.295
7.200
8.626
1.875
1.384
31.029
2.707
1.376
3.203
1.227
25.430
7.223
1.020
1.083
5.926
6.309
238.215
67.652
1.095
4.102
8.210
14.761
4.087
10.550
2.154
3.431
6.741
118.654
9.649
2.160
1.231
1.026
2.932
2.205
2.021
1.037
2.394
1.049
3.147
2.046
4.410
40.332
1.962
14.379
2.147
1.307
3.071
15.606
2.597
9.386
2.337
1.127
18.755
60.655
1.243
1.078
1.488
1.027
8.458
1.422
109.163
2.142
2.467
3.213
40.202
15.941
9.160
2.757
339.244
3.203
359.587
1.337
1.790
46.717
28.151
16.099
5.030
1.543
1163.001
2.744
1.572
10319.832
5.328
9.171
1.719
2.155
1.762
3.545
1.643
7.867
1.221
2.573
3.569
546.366
44.727
284.864
8.612
22.086
147.488
3.678
2.306
1.403
1.475
1.327
2.227
4.952
3.750
1.193
1.711
14.397
9.842
15.856
25.235
1.311
845.894
3.955
3.183
1.129
6.095
2.539
2.865
17.982
41.282
607.074
1.355
37.863
7.375
1.851
1915.834
1.054
3.187
1.238
1.692
214.341
132.981
35.227
4.986
1.315
4.384
1.536
1.014
1.697
14.033
1.203
1.216
1.044
3.522
6.630
1.632
21.852
7.332
1.453
4.617
3.760
8.892
3.846
8.970
2.062
1.073
1.763
7.737
469.592
21.166
2.268
1.202
20.984
2.328
6.142
1.635
6.921
2.368
2383.538
16.904
1.797
4.586
6.672
8981.759
43.572
35.797
4.513
4.496
1.584
4.658
9.278
2.497
2.786
32.552
1.496
14.531
1.177
3.429
2.211
87.670
1.052
1.080
35.029
1.090
1.403
1.654
14.883
1.027
2.233
24.521
4.325
4.428
3.267
300.890
11.359
13.429
15.654
11.046
3.689
21.677
6.330
5.425
1.343
3.332
4.652
38.127
8.601
86.734
2.714
1.586
2.011
13.178
127873.632
1.132
6.269
1.422
3.850
1.333
1.334
1.998
3.479
403.203
45.197
4.773
8.740
1.280
2.970
12.557
1010.677
9.726
26.520
179.245
3.768
2.022
18.021
8.748
1.046
1.420
6.409
196.984
4.945
25.299
6.026
4316.865
133.723
4.909
1.178
5.126
1.433
128.682
25.173
1.018
5.502
7.624
1.203
2.389
3.445
8.299
21.584
1.849
35.246
1.122
4.650
71.987
1.592
2.635
57.550
88.511
13.403
1.319
2.758
1.113
18.129
17.159
4.037
2.567
1.605
1.016
1.719
3.734
1.245
31.719
1.220
1.492
158.188
9.929
1.037
1.565
2.678
2.332
1.104
264.328
49.187
2.732
2.729
1.076
3.331
1.552
7.367
5.353
4.013
5.054
8.689
353.884
2.650
38.987
4.610
5.941
233.432
7.342
8.601
6.100
3.696
8.276
4.257
7.881
3.203
35.652
1.350
5.262
23.887
7.133
1.509
1.859
2.070
26.711
132.802
74.337
1.695
3.072
4.324
37.477
3.069
4.769
1.691
2.874
20.159
1.137
2.813
5.927
2.480
2.110
8.880
30.238
2.175
2.802
2.411
1.180
1.400
4.507
58.652
1.142
1.220
143.905
1.626
4.581
2.318
2.128
21.765
1.779
1.040
4.045
2.639
1.889
572.730
9.558
4.743
1211.512
2.664
27.445
1.878
1.456
1.985
2.233
29.527
51.559
2.235
5.028
1.002
4.376
17.759
3.330
24.444
1.082
1.729
1.214
1.188
83.105
4.877
498.360
18.408
3.336
19.813
2.062
2.280
5.717
5.024
106.604
92.836
2.481
4.972
9.359
7.115
88.117
79.078
1.027
15.059
1.964
52.565
4.062
4.703
68.289
1.936
2.683
8.238
1.849
2.003
4.411
2.777
6.512
130.878
1.073
1.853
1.029
7.183
111.053
3.337
1.576
1.739
1.316
776.232
62.708
3.316
40.727
3.705
1.853
15.356
35.201
4.146
9.528
17.807
23.122
1.407
2.959
7.695
7.674
8.653
2.655
76.980
1.725
11.840
4.100
2.177
1.573
27.106
6.171
20.312
2.635
8.615
2.924
4.208
1.110
17.354
1.223
15.317
2.621
7.038
4.395
1.815
1.300
2.820
4.129
2.715
2.779
4.831
9.267
3.292
1.974
1.001
3.208
1.173
4.644
2.203
2.522
117.056
29.269
2.314
1.097
1.647
1.718
1.935
1.139
4.770
5.361
1.336
10.357
2.021
2.046
1.565
83.669
1.433
1.843
1.192
2.054
2.495
3.455
7.129
1.098
10.586
511.588
1.285
13.970
3.523
3.253
29.700
1.149
1980.971
2.063
105.658
4.866
1.320
3.683
1.343
105.035
77.190
3811.120
203.739
32.959
1.837
1.500
1.932
13.910
1.130
7.855
7.942
4.044
3.821
2.359
1.205
2.667
1.132
1.951
2.510
1.239
3.084
1.383
5.289
1.283
1.551
4.413
366.541
2.612
32.792
1.195
1.244
381.061
15.983
1.785
1.334
162.572
1.946
2.157
4.929
1.083
2554.239
10.304
21.801
9.614
3.597
9.447
104.457
3.326
1.510
7.023
13.501
3.333
370.893
2.343
2.494
1.354
18.858
2.678
25.007
20.437
9.317
1.119
3.621
253.467
1.512
1.350
2.511
2.142
2.944
17.273
5.402
7633.610
94.511
1.773
3.360
1.146
1.985
1.748
1.134
1.531
4.465
1.225
4.467
2.302
1.552
3.183
8.369
44.377
3.389
8.723
3.115
1.509
127.267
4.525
3.865
22.742
8.613
1.581
1.880
1.953
2.207
2.584
1.481
1.491
1.043
3.863
2.481
1.367
19.911
8.683
152.499
1.091
6.280
3534.550
517.479
26.431
27.124
2.456
15.151
9.243
1456.333
1.384
1.878
4.512
1.379
1.057
1.653
2.386
2.250
116.656
1.181
3.702
13.576
190.924
1.138
3.164
3.346
1.317
1.709
30.217
1.472
8.503
2.631
1.218
1.575
162.351
1.623
92.717
16.771
2.649
640.378
2.171
49.169
2.301
8.719
5.083
126.326
21.226
1.251
2.699
2.849
30.673
1.912
1.347
1.490
1.992
1.047
1.749
6.462
14.118
1.326
32.354
5.481
575.656
3.724
96.659
1.277
1.280
2.300
3.071
24.940
6.062
4953.382
10.600
1.032
1.434
2.286
51.143
2548.831
4.840
1.353
1.061
1.663
8.112
1.478
12.938
2.084
1.897
2.287
43.152
26.411
33.779
11.310
3.295
3.390
5.843
57.463
1.107
5.342
1.112
1.352
1.401
1.033
5.037
31.636
3.548
5.308
1.374
3.593
2.360
1.489
1.805
31.029
1.805
18.703
1.432
1.718
13.200
12.688
5.355
3.431
9.042
3.187
1.947
6.212
1.319
14.726
1.859
103.745
2365.620
10.585
1.093
1.440
23.430
2.312
4.522
5.641
1.808
4.857
4.634
20.272
6.223
2.096
2.604
2.989
12.246
4.665
1.804
14.085
33.771
4.488
4.541
1.509
1014.440
158.942
161.508
1.334
15.504
23.710
14.966
1.155
1.625
1.043
1.068
24.867
2.412
1.842
1.126
1.559
9.197
1106.284
3.924
754.755
19.024
1.992
63.184
2.473
1.035
1.045
6.320
1.007
1.123
1.496
7.824
2.355
5.205
4.655
1.347
1.196
2418.924
98.280
1.287
8.385
38.941
5.553
36.509
2.200
3.292
1.490
15.602
11.785
1.014
12.646
1.035
1.001
23.478
2075.542
3.973
1.047
1.745
2.020
1.854
1.012
1.109
7.178
1.238
1.209
1.706
2.467
2.612
2.258
9.903
93.711
1.124
1.276
10.072
1.064
1.719
12.770
7334.964
75.066
1.351
3.477
2.609
1.408
3.364
19.676
1.097
7.723
67.970
1.219
5.576
2.124
48.627
2.412
27.593
7.776
1.161
1.231
3.680
1.359
1.062
1.986
1.158
2.150
52.860
5.317
1.158
3.103
1.308
2.432
3.416
1.702
2.210
2.458
13.479
323.272
3.829
12873.825
1.288
17.408
1.437
6.047
1.252
6.336
8.021
2.275
1.758
14.540
51.290
500.767
111.595
1.363
2.970
84.141
2.248
1.381
1.927
71.169
1.322
1.816
1.134
1.355
5.631
16.716
31.393
2.251
1.110
2.686
17.475
2.740
13.334
8.047
1.244
2.136
17.419
70.829
1.044
1.783
35.686
5.824
16.927
20835.364
1.343
4.289
2.569
8.740
3.615
1.478
2.239
1.021
4.890
