1.116
581.763
2.165
3.214
4.504
1.838
1.382
4.045
1.472
1.332
4.341
1.208
2.350
2.436
2.429
6.819
1.571
1.081
1.129
5.689
3.489
1.091
58.726
11.647
1.135
1.869
4.002
1.149
1.300
1.962
1.096
1.670
1.521
1.372
1.228
1.545
1.890
2.042
3.312
1.760
1.490
1.358
1.045
1.494
1.267
4.235
1.624
71.547
1.334
2.817
1.033
1.111
1.794
3.183
1.227
10.411
3.717
1.423
1.978
1.200
2.026
1.955
1.276
10.503
7.503
1.087
1.347
1.499
16.220
3.431
1.664
1.368
2.840
3.129
1.523
1.440
3.340
1.617
8.051
11.814
5.239
7.304
1.419
7.785
1.074
18.952
1.276
1.065
1.238
1.840
1.004
2.877
31.598
1.252
1.315
1.190
40.392
1.503
1.392
1.718
3.285
1.393
1.107
1.483
3.128
3.791
1.023
1.411
2.178
1.046
1.028
3.966
1.427
1.306
1.604
4.685
2.650
1.093
1.405
2.040
6.215
1.338
1.911
1.567
1.119
13.533
2.302
1.050
7.668
1.545
6.181
2.724
5.031
1.924
1.077
1.493
14.084
1.525
4.594
3.267
1.104
1.055
2.772
1.542
5.362
1.983
1.108
259.984
1.351
1.107
3.181
4.309
1.636
4.272
1.063
3.293
2.710
3.310
1.266
10.726
2.242
1.646
10.316
1.748
1.412
3.095
1.195
2.098
6.000
2.907
5.405
1.456
1.466
3.788
1.058
3.501
16.430
2.263
33.465
8.665
1.069
1.162
1.616
2.281
32.982
2.490
2.107
3.595
5.764
1.119
1.144
1.037
3.500
1.092
1.181
1.665
3.732
1.123
12.745
7.579
11.088
1.372
1.734
1.346
1.164
1.174
1.175
3.732
1.240
1.745
1.159
3.987
1.005
1.092
10.082
7.285
2.228
2.038
1.001
1.465
1.161
6.563
17.986
2.738
1.007
1.289
6.702
2.027
1.097
2.178
1.370
3.433
3.974
2.923
1.183
1.098
3.680
1.518
1.635
1.361
19.959
2.195
1.568
1.073
1.334
1.169
1.076
1.785
1.010
1.110
62.759
1.202
6.072
1.451
1.368
1.235
15.025
8.236
2.174
1.385
1.382
1.992
1.111
2.475
20.549
5.790
1.305
1.606
4.101
1.180
1.085
1.834
2.071
1.485
1.615
2.670
5.539
1.415
1.286
1.478
3.915
1.002
32.139
2.594
1.468
1.114
41.571
2.295
1.186
1.193
1.194
1.591
2.326
3.030
4.652
1.805
3.742
2.766
1.803
1.193
2.800
1.575
2.025
3.410
1.691
1.261
5.598
4.253
1.172
1.249
1.728
4.507
1.349
16.965
1.125
2.462
1.050
2.931
7.697
17.451
2.204
1.352
1.220
1.679
3.135
1.415
1.899
1.944
146.542
1.189
2.494
2.004
2.963
18.383
1.775
1.026
1.142
1.044
7.956
1.249
1.435
1.098
2.098
3.508
1.047
1.330
1.900
1.632
1.157
1.385
2.922
1.461
2.473
5.340
1.466
1.835
2.643
1.289
3.169
1.767
15.400
1.125
1.024
1.347
4.432
2.824
6.463
1.980
1.352
1.544
1.257
4.339
1.033
2.271
2.021
4.354
1.730
5.498
5.591
1.909
1.733
1.351
14.054
3.117
10.105
1.555
2.154
1.724
2.492
3.570
1.762
10.245
3.628
2.929
3.613
21.079
1.252
1.388
1.641
2.143
12.095
4.954
3.683
7.169
36.108
1.223
1.167
1.650
2.948
1.280
3.545
4.689
4.948
3.397
1.372
1.843
1.487
3.664
1.111
31.613
2.540
1.142
1.523
2.245
2.456
3.671
3.564
5.541
1.902
2.480
1.248
3.918
1.433
3.311
1.792
1.675
5.643
3.826
4.506
26.330
2.594
1.402
1.516
1.520
7.151
1.111
1.348
1.003
1.396
1.871
19.611
20.797
1.070
2.483
4.010
8.640
1.337
1.446
13.015
28.939
1.379
6.315
1.345
118.933
6.481
1.017
1.484
1.421
1.158
1.172
10.316
1.100
1.364
13.860
1.581
1.074
28.270
8.623
5.648
2.025
2.556
4.580
1.015
10.647
8.316
1.837
3.281
1.976
12.259
2.073
1.118
1.465
18.361
4.968
57.552
8.790
1.420
3.576
1.803
3.372
20.138
1.934
7.737
11.941
1.955
1.042
1.538
2.076
1.974
1.389
2.325
3.713
1.134
1.099
1.521
1.634
2.555
2.167
2.673
1.016
2.242
3.220
4.244
1.214
1.702
1.206
1.380
2.732
1.052
3.071
8.628
6.196
2.036
2.602
1.762
28.154
1.472
1.209
2.047
1.603
2.326
3.112
2.327
8.655
11.733
2.626
1.184
1.645
4.069
6.182
3.376
1.125
1.023
29.608
1.334
1.162
3.094
1.399
1.695
2.327
3.240
8.384
6.449
1.050
10.110
1.915
1.151
3.202
3.176
11.939
1.104
1.982
1.827
1.601
2.426
1.770
3.849
2.591
1.751
642.633
2.382
1.397
14.350
1.538
2.371
1.671
426.477
1.243
2.492
19.765
2.307
1.176
1.002
2.674
3.759
2.216
1.826
61.327
5.843
1.432
2.420
1.736
2.370
1.393
271.378
2.054
1.317
2.309
1.980
28.408
1.531
2.085
4.542
3.634
1.080
7.997
7.170
3.642
1.276
1.024
1.282
1.413
1.279
4.272
1.454
1.812
2.513
8.205
24.308
2.820
7.192
1.164
2.091
13.690
1.847
1.502
1.457
3.360
5.238
1.611
1.625
2.106
1.296
2.025
1.286
1.946
12.132
1.329
3.685
1.453
2.442
1.431
1.849
15.353
11.057
1.112
1.533
15.028
3.248
2.351
21.150
9.843
4.159
1.669
1.914
2.502
3.242
1.278
1.075
3.891
2.830
3.365
1.014
1.832
3.640
5.364
1.002
2.770
1.381
1.210
8.242
4.826
2.246
1.029
2.108
1.772
47.387
1.281
3.755
3.909
1.995
3.392
3.517
1.243
7.264
1.062
1.279
1.731
8.694
2.347
1.631
2.193
1.548
2.011
1.176
6.104
232.848
1.450
2.925
1.022
1.511
2.442
4.359
1.205
2.950
2.013
1.174
4.987
1.675
1.286
1.004
3.632
1.287
3.500
1.164
1.628
1.291
1.741
1.085
2.336
20.432
39.249
5.619
1.465
1.130
1.747
1.009
1.774
2.137
1.238
1.880
3.174
1.255
16.146
1.330
1.473
1.714
2.624
4.609
2.468
1.431
2.528
5.008
11.865
6.148
4.834
1.132
2.932
1.302
16.181
3.173
2.086
1.103
1.892
2.138
2.047
2.295
1.052
1.742
1.272
1.701
4.712
2.027
1.843
1.107
2.828
1.422
31.929
1.791
3.022
1.374
1.471
1.064
1.851
1.028
4.488
6.702
2.052
3.815
1.511
486.443
1.121
4.009
1.176
1.577
2.574
2.523
1.247
1.210
3.489
2.870
1.180
24.033
2.479
1.086
1.255
1.068
2.049
1.387
1.069
2.294
3.471
1.231
1.817
1.880
1.160
55.430
1.222
1.228
57.814
1.003
1.127
1.659
1.351
1.450
3.266
1.378
26.206
4.704
2.998
1.533
1.978
2.531
1.137
1.733
5.739
1.648
2.112
2.142
1.479
74.403
1.000
3.545
1.475
5.138
2.631
1.467
1.253
3.100
1.187
1.680
2.792
1.096
1.098
1.057
3.363
1.163
1.300
1.404
4.240
1.120
7.529
15.222
1.173
1.056
1.045
1.056
1.158
2.001
1.011
1.748
1.411
3.161
4.481
1.099
82.281
3.889
1.971
2.457
3.538
3.575
1.207
1.362
1.662
1.032
13.465
2.228
2.567
2.954
1.011
1.335
24.815
7.048
3.146
56.952
4.629
4.626
1.192
1.015
1.530
21.662
6.315
1.691
1.059
1.993
3.138
1.136
1.789
1.098
1.386
2.493
4.451
13.362
1.653
4.541
5.073
2.565
30.212
2.595
10.257
2.245
1.805
1.617
3.085
18.732
5.874
2.991
2.206
2.340
3.166
1.350
1.045
5.684
18.139
1.556
4.490
3.524
1.152
8.576
2.206
7.490
1.322
1.010
2.310
2.409
9.122
1.891
1.151
1.380
1.366
6.119
6.042
1.162
1.329
2.169
1.165
4.021
3.471
2.340
6.294
29.680
1.665
1.099
5.992
1.126
11.821
5.192
2.187
1.950
1.706
1.211
152.175
9.209
3.821
1.791
10.841
3.653
3.056
1.159
12.793
16.958
4.453
1.164
1.028
2.066
1.321
73.145
2.548
1.640
1.074
1.025
1.452
27.768
4.026
1.404
2.490
3.034
2.797
2.181
5.821
