2.872
1.958
3.823
1.770
1.809
1.216
4.431
1.325
3.845
5.862
2.222
1.709
2.062
3.037
1.011
2.031
1.177
3.801
2.742
1.553
1.288
2.096
3.862
2.105
1.106
6.514
1.143
1.844
2.353
4.735
13.615
1.270
11.068
4.839
1.621
6.758
1.292
1.038
1.039
11.415
3.394
1.388
30.631
4.458
1.199
19.229
12.916
1.194
2.281
4.429
1.067
3.090
2.459
1.381
3.935
3.469
1.474
6.341
4.443
1.812
1.103
2.394
5.045
1.276
1.763
6.219
5.909
1.215
2.729
1.458
4.961
1.075
1.736
1.401
14.637
3.568
1.439
1.840
2.711
1.727
1.266
2.228
1.534
1.402
2.523
1.743
1.034
22.972
1.028
2.492
3.794
1.448
4.598
3.851
14.102
1.050
1.702
1.227
1.125
1.462
1.735
1.826
2.644
27.689
5.711
1.543
3.463
4.658
11.395
2.402
2.101
5.932
2.038
69.871
2.860
1.907
2.333
2.775
1.705
1.305
1.993
2.470
19.044
2.952
10.923
1.098
2.414
78.941
1.033
9.534
1.317
4.745
5.310
1.162
13.137
4.722
1.084
3.154
7.553
1.030
1.979
1.037
45.979
1.783
1.726
1.991
1.175
1.061
1.076
2.022
1.569
6.693
2.162
3.667
1.751
1.920
1.807
2.164
1.014
3.912
3.333
1.159
4.920
2.019
4.707
4.102
1.490
9.573
1.017
2.770
4.955
104.080
7.646
1.308
6.571
1.287
1.054
13.721
1.631
3.116
1.977
1.034
1.148
10.909
1.154
1.876
13.721
1.593
1.330
6.863
2.581
3.157
1.795
1.002
2.450
1.204
7.801
2.613
2.486
1.078
8.850
1.637
5.342
2.193
5.752
3.817
8.408
5.368
1.802
1.696
3.663
1.160
5.245
1.171
1.065
2.562
4.577
1.615
1.141
3.520
1.082
1.164
1.326
1.665
11.620
3.422
2.408
3.460
2.774
5.233
1.031
19.263
1.452
1.705
1.162
1.524
1.049
2.766
2.243
13.245
1.815
1.882
15.673
24.339
4.664
5.119
2.121
1.147
1.236
49.206
5.745
1.104
2.279
3.550
5.190
1.795
15.630
15.955
1.441
1.688
1.869
3.804
4.576
1.495
2.228
1.529
1.008
19.817
1.230
90.665
1.252
4.464
1.775
1.870
1.024
8.841
1.842
5.295
7.294
1.454
1.285
1.305
1.032
1.858
1.135
1.540
1.431
4.447
1.802
2.507
3.294
9.979
2.488
1.048
1.599
25.637
2.249
2.929
1.120
1.283
5.275
1.087
7.788
4.201
1.558
1.210
1.221
1.031
1.185
32.127
1.268
20.992
7.575
2.370
1.162
1.299
1.630
3.173
1.037
2.039
1.373
1.832
2.808
1.520
7.898
3.067
7.960
1.540
20.613
1.266
2.147
3.465
2.069
1.232
1.490
1.042
1.203
1.625
2.817
1.381
127.378
1.359
1.199
10.470
17.141
1.071
3.810
2.560
1.137
13.384
2.357
9.531
4.084
1.456
2.781
1.287
1.040
1.593
8.597
20.482
3.022
2.727
4.737
1.498
2.146
1.013
86.343
1.039
2.145
1.215
6.521
2.715
1.919
1.135
5.610
2.032
25.947
16.891
1.498
138.589
1.481
1.306
1.660
1.102
11.147
1.287
11.872
1.952
1.132
1.586
1.299
3.036
1.377
2.456
1.369
1.171
2.809
1.150
1.444
1.582
1.267
2.132
4.287
2.614
7.195
1.045
1.112
1.490
1.442
1.238
7.189
1.103
2.462
2.708
24.718
1.192
5.693
1.676
2.356
2.373
2.336
2.458
3.562
16.296
1.271
6.032
1.999
1.843
1.258
1.074
1.218
3.631
2.911
1.468
1.356
1.457
1.570
8.785
2.009
2.256
2.063
1.127
7.844
2.462
1.996
5.311
1.881
1.897
3.436
1.612
1.030
8.400
54.004
6.443
2.280
2.851
11.649
2.601
3.694
1.546
2.091
1.489
2.210
1.196
2.387
1.285
2.521
6.318
3.975
1.267
168.999
1.291
7.207
44.172
1.545
1.232
1.217
1.017
11.972
3.402
1.839
1.438
1.219
1.710
2.231
1.084
4.144
7.098
1.839
1.022
1.478
3.146
1.584
1.080
1.841
1.349
2.157
3.336
6.746
1.812
3.876
2.428
3.328
1.559
1.840
2.389
1.789
1.218
6.957
1.662
3.704
1.522
2.724
182.103
1.658
1.152
2.482
4.460
1.371
6.268
1.866
1.645
31.756
5.581
1.257
2.389
1.044
1.831
1.762
4.517
3.608
1.106
1.584
2.621
1.215
1.488
9.502
1.951
1.261
3.958
2.964
1.656
5.640
22.301
1.249
2.714
1.009
1.548
11.482
1.025
1.505
10.118
21.126
1.366
1.627
4.335
1.419
1.112
2.812
5.392
3.505
1.298
1.880
12.009
1.022
1.237
2.350
1.509
1.649
1.268
1.210
1.380
23.359
1.644
2.133
1.343
318.532
1.135
1.652
1.376
5.891
1.309
1.499
3.507
3.667
3.311
1.908
1.197
1.241
1.354
1.206
1.255
3.058
8.385
2.611
1.814
3.573
2.247
3.467
4.251
1.607
1.682
5.471
26.361
1.249
1.163
1.296
5.709
1.504
7.668
2.835
3.619
27.479
9.033
1.208
1.691
4.400
14.410
12.407
2.886
1.437
2.225
1.520
1.175
3.556
2.846
1.745
1.928
3.686
1.399
1.297
1.466
2.093
1.396
1.527
7.218
2.490
1.238
14.344
1.390
2.729
4.068
2.001
1.663
1.344
1.543
1.580
5.295
5.075
3.116
5.080
2.154
2.034
1.954
1.236
1.435
1.083
1.513
1.291
1.244
1.196
7.466
2.279
1.656
12.008
1.562
28.463
1.533
3.013
1.075
1.910
3.111
1.589
1.148
6.223
1.389
6.915
1.029
29.619
3.933
7.849
5.441
9.044
2.904
2.418
3.561
3.064
1.769
142.103
1.082
1.086
1.320
1.242
30.449
1.500
1.494
2.157
1.191
8.678
1.500
1.099
1.181
50.589
1.245
1.883
1.748
1.215
2.574
69.684
1.794
6.863
2.068
1.434
2.571
1.601
1.064
33.138
9.336
2.011
1.637
1.372
2.670
2.910
3.776
4.104
1.082
6.626
2.845
16.612
2.014
3.723
1.427
1.000
25.813
9.685
1.901
2.100
1.882
1.222
4.327
1.201
1.464
11.747
1.020
7.000
2.425
1.058
1.022
2.296
1.355
1.154
1.703
1.944
2.469
2.845
315.042
1.781
2.031
6.143
2.736
11.855
1.130
6.821
32.357
1.683
2.676
15.020
15.090
1.258
1.224
2.115
8.445
1.710
1.068
1.075
2.686
1.313
2.401
1.356
2.330
1.296
1.435
1.140
1.320
1.231
2.430
5.839
1.104
2.023
10.848
1.572
1.793
1.042
2.250
4.128
1.748
2.432
6.906
1.416
1.003
1.483
1.766
3.028
3.881
1.205
1.629
6.395
1.339
17.676
1.073
1.615
1.101
1.318
3.600
20.625
7.708
3.838
1.918
97.342
17.155
45.242
1.577
1.117
1.998
1.140
1.530
1.498
1.943
1.373
3.114
1.319
1.097
19.817
6.230
1.571
1.430
30.509
5.496
2.230
11.912
7.939
1.196
1.489
8.124
1.206
1.887
1.818
4.919
1.490
1.809
1.235
1.847
2.745
24.441
13.625
39.692
1.233
6.400
1.053
1.286
1.710
2.417
1.006
1.880
1.552
3.638
4.933
1.118
1.268
3.164
2.733
1.950
1.392
1.745
7.579
2.994
1.918
1.949
1.918
1.192
1.135
1.514
3.843
2.202
1.058
15.752
2.336
1.142
1.958
2.673
3.516
1.357
7.204
1.109
3.104
7.628
1.999
3.120
52.572
2.180
1.434
15.276
1.840
2.650
2.828
3.241
4.334
4.078
1.266
1.957
15.629
1.068
2.478
2.318
1.239
9.086
1.881
1.543
1.115
1.872
3.627
14.045
1.280
1.057
1.848
107.085
2.742
37.843
2.153
1.312
1.414
8.803
4.839
2.188
31.751
6.432
1.016
1.559
1.115
120.613
1.122
1.283
13.260
5.053
1.949
1.363
1.116
1.012
1.062
1.620
1.848
1.793
2.088
1.451
1.669
4.327
1.355
1.543
1.184
10.285
2.127
1.998
7.411
164.212
1.754
1.039
11.134
1.694
2.297
3.703
1.135
2.452
1.122
1.722
1.588
3.122
2.266
1.257
2.022
8.112
1.788
1.005
1.346
1.790
1.287
4.238
2.246
5.010
15.525
3.659
1.721
1.132
1.074
1.232
3.681
2.170
3.450
1.743
3.654
2.042
