8.567
92.368
1.987
8.635
86.198
1.325
3.028
2.035
6.452
14.888
1.074
2.093
3.274
1.667
1.749
2.431
1.130
6.247
8.816
11.723
1.020
4.039
1.426
1.473
1.610
18.393
3.954
2.623
1.317
2.332
1.043
2.111
1.091
12.756
1.407
10.395
1.118
2.080
1.081
3.875
1.495
1.396
3.166
6.990
2.097
5.121
2.659
1.997
1.485
1.751
1.143
1.085
13.852
1.362
1.313
1.383
4.388
1.556
4.880
2.802
6.227
2.304
2.557
1.580
1.046
7.819
2.163
15.109
2.844
8.211
8.283
3.009
3.443
1.131
8.486
2.541
28.595
2.529
5.198
1.125
1.109
1.655
1.657
56.041
2.031
2.213
2.092
1.220
1.546
2.372
1.555
5.747
2.797
3.647
1.067
29.250
4.906
1.921
1.653
21.070
1.813
4.229
2.104
4.479
1.214
8.038
1.384
1.512
2.128
43.123
1.502
7.695
1.797
1.333
1.491
2.831
1.659
2.095
4.255
1.429
1.965
4.041
1.177
2.195
1.578
3.069
1.100
5.437
1.322
1.664
2.500
1.521
1.987
3.105
1.112
3.265
258.376
2.080
1.915
1.216
12.799
1.475
4.087
4.134
11.919
1.004
1.163
15.746
5.607
1.870
1.443
1.806
35.125
1.132
1.846
4.113
1.602
1.654
75.351
1.117
1.560
6.096
2.235
3.025
1.048
200.038
1.487
4.853
2.723
1.137
4.236
113.009
1.116
11.670
1.004
1.771
1.300
1.789
2.740
9.018
2.434
6.791
2.877
1.213
11.570
3.104
1.221
9.915
1.057
1.008
1.188
6.542
2.078
2.643
2.339
2.014
2.105
1.931
1.512
1.005
2.940
1.075
1.321
9.090
8.916
1.243
1.924
1.663
1.061
1.156
14.851
15.177
1.054
2.169
1.239
1.097
1.012
1.438
5.255
6.031
1.649
1.739
1.035
1.429
1.822
1.298
2.984
7.029
1.825
57.320
1.224
5.320
1.292
2.057
1.264
1.466
1.110
1.485
2.883
74.285
1.135
1.282
2.103
28.917
11.231
2.015
54.096
15.921
5.994
1.939
6.338
10.448
1.399
1.257
6.141
3.422
1.371
1.048
1.611
156.089
1.868
14.057
1.652
11.422
2.732
1.286
14.439
3.048
1.640
6.161
1.657
5.431
1.074
1.571
1.842
2.282
2.414
4.048
1.725
1.229
3.104
2.732
2.203
1.766
3.134
1.376
17.605
1.790
85.645
3.542
1.892
2.202
615.963
1.372
1.275
20.658
1.009
2.121
1.613
16.173
1066.026
3.025
11.407
1.310
641.257
1.861
44.376
1.913
11.717
2.041
3.305
4.464
3.292
1.508
1.507
13.585
2.105
1.199
322.567
10.915
3.196
1.787
1.766
1.550
1.774
2.411
1.634
1.440
3.810
1.208
9.289
4.716
11.139
15.781
1.840
1.101
4.019
52.260
1.473
8.750
1.185
5.834
1.631
12.564
6.761
1.919
1.384
11.888
2.091
7.468
1.097
4.262
19.348
1.870
3.172
1.559
5.872
1.949
1.090
1.123
2.068
19.424
1.942
1.445
1.821
1.231
1.934
1.133
48.601
1.023
2.387
1.012
2.359
1.428
5.756
32.177
4.763
6.229
4.237
3.857
1.019
1.002
1.515
2.840
1.120
1.384
2.073
3.501
1.553
1.885
1.376
1.885
2.254
1.979
2.119
1.168
2.877
1.053
4.732
1.903
3.993
5.338
1.826
5.258
4.735
1.506
1.420
7.862
3.196
42.581
3.595
10.190
2.408
195.800
10.010
9.578
1.053
1.254
2.653
1.362
2.366
2.722
3.170
2.378
6.920
1.157
109.723
1.582
1.392
1.142
1.486
4.912
2.307
53.845
13.314
2.186
1.154
1.056
1.113
3.148
2.039
2.667
2.349
2.962
26.946
8.196
19.644
6.356
6.222
2.103
13.969
1.209
15.305
1.203
1.093
2.602
3.399
1.366
1.147
4.023
5.345
2.866
1.375
12.368
2.035
5.171
1.266
2.025
1.040
1.309
13.602
1.889
1.830
3.485
1.069
1.016
1.092
3.622
1.526
6.172
3.241
4.975
1.218
3.820
998.743
8.105
3.244
1.158
4.531
1.184
1.426
2.176
1.164
5.944
3.388
6.903
75.044
1.064
2.278
1.433
5.228
1.853
1.863
2.033
1.603
1.378
48.963
2.392
3.149
5.794
1.038
54.182
8.591
1.140
1.016
3.801
5.358
1.677
2.304
91.437
1.450
2.453
2.777
7.600
142.173
2.319
145189.966
4.821
4.811
1.232
1.650
9.693
1.329
3.564
7.076
1.068
12.232
1.012
4.316
9.952
8.176
5.471
10.509
4.857
3.497
8.134
4.791
1.057
19.885
1.388
1.817
1.320
1.955
2.544
2.667
3.689
3.172
1.148
1.013
17.877
1.878
3.782
4.911
1.691
1.307
2.663
1.134
5.819
1.313
1.285
32.505
2.504
1.890
78.832
2.995
1.232
39.423
3.226
1.490
1.534
2.093
3.659
1.356
1.085
58.492
3.872
1.368
3.778
2.651
1.109
3.224
3.077
1.272
2.072
1.576
1.256
1.130
2.078
2.838
38.408
3.073
4.517
3.653
1.784
2.219
20.714
1.173
2.616
3.227
11.885
1.614
8.155
9.627
5.303
10.522
4.605
1.375
1.115
1.017
1.224
1.163
4.641
1.693
1.551
1.251
4.182
3.898
3.382
2.025
3.086
1.177
1.245
2.162
3.506
1.233
1.927
8.033
1.098
1.087
1.595
1.020
9.398
1.460
1.712
5.872
1.099
2.067
1.001
1.631
1.379
1.614
2.473
59.068
14.015
1.469
2.247
27.768
1.106
1.196
4.715
1.071
1.142
2.403
1.441
1.505
4.126
2.245
4.501
1.139
1.690
20.369
1.189
1.302
1.114
15.185
1.153
1.553
5.469
4.085
1.644
1.444
4.454
1.421
12.146
2.479
1.924
2.764
5.079
1.300
6.200
1.198
1.094
8.770
6.072
10.233
1.279
162.702
4.103
4.346
1.291
2.363
1.071
5.681
1.313
1.871
3.598
2.129
2.309
1.254
1.191
1.382
11.770
82.036
1.007
1.599
1.447
24.354
1.425
2.161
37.406
10.534
2.462
147.095
1.208
3.030
3.736
6.739
2.531
746.222
3.497
2.003
1.683
9.580
14.744
2.424
1.152
5.645
5.679
1.613
2.584
1.050
8.214
2.593
95.034
1.950
2.644
1.575
1.220
2.006
2.465
1.586
1.017
1.595
1.596
9.037
2.383
3.007
2.139
11.044
5.436
107.965
1.694
1.139
2.123
10.091
7.876
1.003
3.975
1.174
25.145
1.021
2.032
1.652
7.436
1.767
2.053
13.621
1.234
1.132
37.732
1.610
12.741
1.812
2.832
1.464
7.298
6.722
1.124
2.376
1.326
6.136
2.850
5.270
1.629
1.707
2.490
3.365
2.179
1.294
1.820
1.539
6.751
2.951
1.654
2.562
1.057
9.448
33.796
13.851
5.881
5.783
1.247
2.246
12.270
4.371
24.957
17.808
2.422
2.455
1.352
3.471
1.120
3.483
14.650
1.188
1.054
1.805
1.486
6.842
9.840
1.100
42.111
1.036
1.875
2.819
2.638
2.852
1.032
2.173
3.732
1.508
7.165
1.809
5.086
4.090
1.108
4.030
5.758
1.258
2.126
3.157
83.633
6.272
2.381
1.844
7.913
5.237
1.085
4.220
3.339
1.933
1.805
1.632
1.578
1.934
1.052
1.095
3.019
2.420
2.925
36.222
1.875
19.183
77.564
11.535
2.942
3.451
4.486
1.943
1.116
6.557
1.976
10.446
3.075
1.401
2.671
3.246
1.880
1.952
8.814
1.496
6.208
1.368
2.593
1.598
1.044
10.729
2.933
1.693
1.526
31.599
2.061
3.339
10.851
61.344
2.331
1.118
2.968
1.235
4.141
1.918
5.426
1.030
1.185
2.285
3.329
2.730
1.361
1.033
3.927
8.607
1.925
1.106
480.347
5.377
2.048
1.281
1.704
2.330
6.926
22.248
4.893
1.187
1.320
5.984
3.218
15.762
1.175
3.113
5.800
2.478
1.131
237.805
3.504
1.474
4.507
1.580
1.269
2.568
4.262
37.908
9.917
239.336
1.088
8.544
3.771
9.905
1.343
1.382
4.140
11.063
1.122
1.218
3.948
1.045
2.085
30.588
4.587
7.072
1.278
1.189
2.805
17.586
13.899
14.234
3.039
1.510
2.325
61.419
1.732
2.374
9.518
1.875
106.955
4.155
13.512
16.650
1.530
3.816
5.351
1.439
1.241
3.508
2.165
1.065
1.257
2.189
1.075
1.317
14.271
