8.879
6.474
3.773
1.702
1.014
1.861
2.473
1.064
1.444
2.089
6.563
28.901
16.666
4.404
2.347
1.924
1.887
3.615
2.803
3.985
1.732
3.240
1.480
2.605
9.468
6.470
19.413
1.542
1.469
1.615
10.688
9.427
4.133
1.905
1.536
1.064
2.761
76.345
12.097
1.028
2.501
4.281
1.070
5.934
9.540
1.101
1.615
6.351
1.398
1.047
38.385
1.117
7.524
1.120
10.523
1.793
9.108
2.392
1.735
7.501
7.873
3.788
1.563
1.593
1.770
1.062
2.188
1.818
1.255
8.010
5.696
2.493
10.696
1.036
1.086
45.245
7.845
25.605
6.099
3.827
13.854
8.472
26.909
2.006
1.840
4.295
6.820
1.746
7.887
7.702
2.650
2.381
1.296
3.874
2.915
1.036
2.469
58.763
9.579
4.655
1.302
2.190
1.673
56.311
17.598
2.156
1.217
1.688
2.278
4.741
2.227
6.793
1.217
1.260
2.225
7.178
2.589
1.848
2.670
9.546
6.853
49.862
1.331
1.390
2.261
1.674
4.213
1.022
2.592
2.059
6.686
5.913
1.315
3.188
1.048
2.646
2.338
1.721
3.815
1.194
17.112
1.260
2.795
9.583
2031.388
1.214
10.271
8.186
2.604
19.084
5.716
2.200
2.977
1.632
6.400
3.001
1.081
10.889
2.721
4.288
2.316
1.461
8.389
1.173
1.993
9.738
1.161
1.023
5.718
5.274
3.836
3.983
1.040
1.111
1.248
3.421
2.208
1.171
3.982
5.278
2.324
1.153
1.565
5.330
20.698
32.761
3.208
2.079
46.722
2.856
2.764
18.872
1.843
23.985
2.569
1.199
10.778
2.066
55.369
1.425
3.094
10.144
8.446
1.770
1.662
32.587
1.775
3.534
4.631
5.275
5.719
5.818
1.568
10.366
1.925
1.694
3.028
1.512
7.622
3.478
1.306
4.675
2.195
7.037
4.827
2.960
1.102
1.027
1.146
4.995
1.815
1.143
98.049
6.904
8.571
1.753
1.062
2.336
6.594
1.408
3.612
481.463
1.169
2.216
1.107
1.629
5.370
1.120
1.684
1.201
1.664
1.042
18.824
1.597
1.267
2.876
17.961
754.388
2.868
6.227
16.479
33.645
1.117
1.520
2.246
4.969
4.247
20.719
1.235
1.008
1.179
1.407
1.095
7.986
2.534
13.545
1.871
3.046
34.069
3.010
10.919
3.566
1.117
1.624
3.862
4.553
6.272
6.127
24.636
10.338
4.991
24.447
113.798
5.320
5.717
2.063
1.979
1.035
2.164
2.575
3.283
1.471
4.298
4.517
1.051
2.045
52.860
7.775
6.104
1.626
4.706
7.958
15.126
1.209
7.990
2.484
8.029
1.288
2.226
29.954
2.430
1.538
1.418
1.309
1.076
1.532
1.766
1.747
2.782
36.379
16.664
1.212
1.653
2.007
13.757
2.133
3.284
1.285
2.200
3.064
87.091
2.073
1.767
4.792
8.814
10.699
1.128
6.835
1.834
2.670
3.447
2.588
8.171
6.667
4.914
2.045
9.888
2.026
2.108
1.074
1.498
1.187
5.667
19.651
3.112
1.402
3.811
1.486
10.021
228.772
13.278
1.990
1.475
2.129
13.685
1.398
10.929
9.919
1.955
1.029
312.131
17.468
1.580
1.487
13.032
24.261
1.489
36.989
15.763
7.850
64.169
1.027
3.446
3.075
1.891
2.993
47.093
1.485
2.235
15.605
1.124
2.598
1.121
2.279
1.832
19.632
4.191
2.647
1.013
3.443
1.174
2.745
1.212
3.216
15.180
2.043
2.948
1.512
8.887
4.382
1.081
54.232
1.767
8.186
2.672
3.046
4.033
1.472
3.535
6.276
2.717
4.516
2.588
2.078
12.515
1.400
3.342
155.091
1.079
1.322
3.144
2.507
3.000
1.904
2.639
1.975
1.140
372.506
1.071
7.334
3.664
4.301
7.318
3.418
4.128
1.678
2.820
4.769
1.810
3.711
1.314
24.108
1.969
6.400
30.085
1.165
16.664
3.201
8.501
2.101
73.468
2.625
3.885
2.935
3.898
11.512
2.607
1.878
1.554
1.767
3.309
1.581
1.640
5.189
5.196
8.893
1.593
13.796
1.809
243.330
19.005
1.297
1.257
9.953
3.479
1.846
4.887
6.468
11.829
38.000
1.963
2.619
3.138
2.323
15.256
3.542
2.496
1.229
1.441
4.011
1.274
2.363
9818.079
4.988
1.644
1.805
1.236
9.341
4.931
4.404
5.051
1.214
1.606
41.999
2.940
1.826
11.143
1.147
2.247
1.876
10.235
2.986
3581.664
12.131
4.066
2.314
2.007
1.574
1.379
1.520
2.361
18.593
4.909
9.309
1.730
205.216
5.722
1.210
1.676
5.813
1.095
2.787
17.517
24.367
1.375
1.944
5.666
1.059
1.010
1.582
2.030
34.575
3.738
2.967
2.617
2.773
1.384
2.122
11.135
3.048
3.576
1.707
1.068
2.243
65.854
4.540
3.593
1.025
2.215
1.074
1.973
2.877
1.148
2.904
7.649
13.953
2.115
109.454
2.005
1.320
2.309
1.907
9.152
1.721
31.319
3.245
1.283
1.224
4.692
4.150
3.216
1.745
1926.213
6.225
2.907
1.733
1.739
3.191
1.452
2.096
1.397
9.744
2.682
5.304
2.419
3.785
27.336
1.239
1.268
4.518
215.563
1.217
2.017
2.154
1.873
4.345
2.687
1.571
1.451
15.700
2.309
8.190
4.170
1.293
33.899
21.685
3.220
218.795
20.351
1.033
8.478
1.846
1.305
1.754
1.463
1.113
12.798
7.643
4.905
4.117
3.799
40.408
6.959
3.480
6.788
1.198
2.268
1.231
1.198
1.158
1.939
9.641
9.422
15.173
1.224
10.151
2.173
3.530
6.905
1.312
20.026
3.918
11.577
4.709
1.605
4.783
25.670
1.489
1.939
1.098
17.790
1.356
1.237
9.331
6.406
7.129
5.751
1.500
1.926
6.080
5.539
14.917
1.869
1.202
6.315
4.975
42.634
1.643
2.466
3.138
5.934
12.343
9.505
3.492
27.076
1.649
1.164
12.182
1.323
39.083
2.159
285.680
664.895
2.609
1.143
17.115
1.640
2.507
3.794
2.420
5.277
1.937
3.154
4.394
2.172
1.293
1.088
5.857
1.921
15.084
2.386
1.911
1.487
8.194
4.981
1.220
1.706
31.294
1.112
12.374
7.522
61.045
1.210
3.487
1.027
8.346
1.367
1.045
1.209
16.574
2.027
2.697
8.671
7.823
2.176
1.652
1.154
6.218
1.842
6.458
1.420
4.582
1.558
15.500
1.920
1.003
3.431
1.310
1.782
30.360
8.536
1.387
3.525
1.256
2.608
1.132
2.585
1.582
3.637
1.147
2.079
8.668
1.592
1.342
7.359
1.958
31.069
1.169
1.236
5.014
4.021
2.319
1.570
3.320
6.619
1.514
1.350
1.166
143.665
1.923
2.651
1.783
1.258
2.748
161.213
1.895
6.060
1.840
2.834
1.392
1.207
1.184
2.992
1.025
2.327
1.859
1.976
2.452
1.089
1.619
2.464
4.852
1.042
30.765
4.044
89.067
1.191
1.190
2.319
40.991
1.148
2.129
6.667
5.801
1.733
13.892
4.071
1.489
1.022
1.243
5.648
3.784
1.304
699.067
4.359
1.380
4.554
5.828
4.251
9.420
9.780
1.445
4.452
1.499
3.433
2.012
3.081
18.375
1.064
2.907
1.321
11.468
1.018
1.651
13.772
3.924
2.317
2.223
3.225
1.837
1.547
6.138
2.077
3.759
2.399
5.975
3.521
2.737
1.328
3.338
2.370
2.692
3.998
21.800
23.567
17.535
13.279
2.450
2.976
3.527
1.075
1.428
1.642
21.691
1.526
12.917
4.334
1.008
269.235
22.836
3.525
33.588
278.218
1.370
3.899
20.041
11.650
1.215
5.596
132.320
1.007
1.165
3.499
1.760
1.398
1.079
1.208
3.259
1.607
1.234
2.138
1.073
5.859
1.805
30.788
1.312
6.329
4.469
7.558
2.199
1.908
1.302
1.326
2.605
2.640
47.030
1.841
1.634
44.268
2.078
7.046
6.637
9.077
1.316
1.444
4.119
9.243
1.870
1.195
1.581
1.946
56.200
2.388
6.417
1.157
1.282
1.541
1.518
2.038
11.036
1.289
2.873
51.715
1.119
1.207
9.217
1.023
1.252
1.699
2.006
9.835
1.041
1.327
1.278
1.575
9.599
3.611
1.358
3.574
3.074
289.321
11.500
3.679
129.011
1.284
78.319
1.003
2.891
2.819
1.608
1.631
29.789
2.726
3.833
1.450
17.154
31.689
1.341
6.859
8.594
