11.878
1.396
4.689
1.070
1.356
1.603
1.471
1.973
1.102
6.140
7.365
1.266
4.131
2.255
2.095
1.542
3.530
1.266
1.168
2.071
1.117
1.089
94.511
60.729
1.764
2.701
1.100
1.742
2.331
3.396
3.799
1.557
1.049
12.876
3.547
1.204
3.105
1.312
2.814
1.711
10.726
4.017
2.137
1.244
1.166
2.224
1.054
1.007
2.088
5.425
2.818
1.022
2.758
1.351
1.211
1.397
1.841
17.029
2.286
3.746
1.886
1.040
9.714
2.932
1.195
2.095
1.203
1.220
2.012
1.113
1.896
1.955
1.604
4.727
2.545
10.006
1.162
1.586
4.288
3.810
2.148
24.237
1.956
1.297
1.347
1.038
1.348
2.507
2.114
1.381
44.543
1.243
4.071
1.196
6.828
1.105
1.519
4.940
1.014
1.670
1.333
1.309
8.833
1.431
1.295
1.561
3.002
3.049
1.052
11.779
1.282
1.075
1.092
3.148
14.275
1.991
1.447
6.332
1.372
2.084
1.774
1.393
1882.449
6.235
1.245
1.056
2.662
10.009
1.346
2.865
2.467
4.932
1.035
1.014
2.169
1.361
1.015
50.751
11.214
1.454
1.922
109.444
2.318
1.833
1.844
1.947
1.688
4.722
3.751
1.456
2.625
3.104
2.493
5.103
1.072
1.547
1.748
1.233
1.447
1.281
5.392
2.345
1.188
3.064
1.403
54.022
1.585
24.016
1.470
8.916
1.137
38.008
2.507
1.905
5.487
2.179
1.087
2.761
3.495
1.596
1.011
1.227
1.020
5.106
2.698
94.441
7.756
2.604
1.573
2.277
1.036
2.589
1.997
1.355
3.426
1.033
1.036
12.780
5.758
3.518
2.050
1.001
6.942
12.718
1.453
5.024
7.924
1.156
8.103
1.411
4.798
1.816
1.444
1.482
4.216
1.317
1.241
1.530
1.206
1.712
1.323
10.970
1.251
1.818
2.851
7.367
1.236
1.922
2.392
2.563
1.312
2.253
1.389
3.223
1.190
8.315
1.469
5.536
2.850
1.376
1.246
6.325
4.542
1.053
1.048
1.290
1.491
1.671
1.013
12.606
1.443
1.493
1.088
3.198
1.387
4.653
1.020
4.700
1.247
1.967
3.057
2.051
5.960
1.286
1.524
1.326
1.364
40.973
1.093
3.570
5.902
1.694
1.886
1.409
1.047
2.451
4.344
677.625
7.272
1.253
3.358
1.163
854.587
2.125
1.154
1.128
1.632
20.709
7.656
1.367
18.420
2.609
5.511
3.026
2.220
1.301
1.316
2.555
1.002
1.020
1.471
2.052
6.192
1.984
5.155
1.793
1.516
1.363
1.785
1.075
2.550
1.764
3.243
4.807
1.297
1.554
1.282
1.362
2.463
1.562
1.643
2.132
1.433
1.679
4.948
12.177
1.073
1.881
1.042
8.371
4.070
1083.128
4.276
2.395
1.368
4.502
1.673
2.191
39.359
35.224
7.669
1.306
2.197
2.847
3.930
1.806
3.406
1.398
10.562
1.159
10.351
3.435
1.190
54.825
4.267
1.166
2.194
1.615
1.325
1.398
32.485
2.322
6.273
1.117
1.390
1.083
1.641
4.171
5.625
1.416
2.648
12.380
2.165
2.072
1.528
5.447
1.006
1.047
3.257
2.502
3.277
4.425
2.834
8.170
18.184
86.557
2.958
1.311
1.147
1.916
6.406
3.336
1.104
5.640
1.768
1.287
1.467
35.941
2.913
1.986
1.279
2.008
1.852
1.351
1.431
1.512
2.239
2.573
1.570
3432.352
2.858
7.823
1.084
1.461
1.310
2.485
9.182
2.337
1.046
1.167
1.463
1.562
1.187
1.232
7.388
2.368
1.542
2.008
71.631
168.113
1.169
58.717
2.445
32.596
2.097
2.770
6.079
1.014
1.772
6.595
3.864
5.991
1.028
1.363
1.147
1.133
2.335
4.475
3.282
1.202
1.169
1.023
1.244
2.950
15.481
1.810
2.692
1.202
7.062
1.079
66.287
6.747
1.238
2.704
1.161
2.880
4.510
1.778
4.740
1.962
1.736
2.288
5.179
1.206
1.183
1.128
1.725
1.269
3.349
3.219
1.202
1.005
5.809
2.686
1.724
2.767
1.650
2.119
1.676
14.241
1.181
1.389
1.029
3.253
9.985
1.257
3.026
2.168
37.590
3.623
1.675
5.197
1.027
1.383
4.029
1.533
5.764
1.023
1.384
1.285
1.084
1.220
270.315
1.929
1.544
6.369
1.844
1.904
1.409
93.883
8.045
1.370
3.162
16.661
5.203
2.796
8.417
1.144
1.249
4.366
3.676
1.694
7.117
1.045
1.962
1.207
1.383
1.122
4.474
2.215
2.203
1.872
1.464
5.329
2.745
1.508
5.988
2.159
1.108
8.642
1.439
5.337
2.789
30.996
1.166
7.242
6.010
11.064
1.473
26.099
1.151
5.536
1.134
1.113
1.282
6.293
1.544
3.215
1.438
11.234
1.892
51.266
1.064
18.773
1.316
1.778
1.246
225.335
1.899
1.589
1.505
1.659
5.799
2.408
5.990
17.423
1.118
3.192
1.810
1.041
1.053
4.156
2.166
4.902
2.165
1.961
2.764
8.585
1.239
2.452
13.723
1.591
1.518
1.273
1.423
1.617
1.230
1.270
24.470
1.079
13.127
3.454
3.378
2.216
9.222
1.353
1.891
16.547
1.300
8.476
1.111
4.192
1.025
20.348
1.759
1.776
1.083
1.611
1.221
1.496
1.110
1.204
1.379
364.615
1.855
1.091
1.374
2.288
1.574
1.989
1.214
1.146
4.375
2.019
4.844
3.673
1.155
1.140
2.017
1.822
1.690
9.471
1.164
1.348
1.775
1.917
1.061
3.007
2.205
2.494
1.901
1.288
1.441
1.675
2.890
2.114
16.255
1.902
1.038
1.373
1.248
3.468
5.100
1.354
1.141
3.131
4.859
3.978
3.259
1.480
14.782
1.313
20.970
1.285
1.498
4.324
8.122
1.461
6.305
11.271
1.445
1.358
1.306
1.701
2.096
5.978
23.726
1.263
2.018
1.304
1.960
7.661
33.644
2.699
1.356
1.569
8.189
41.418
1.379
1.499
1.287
1.124
5.378
1.306
1.213
2.101
7.185
1.814
1.909
2.202
1.092
2.052
2.453
1.403
1.068
4.520
3.581
1.297
1.021
7.418
1.011
1.228
1.205
5.007
2.773
3.541
9.161
2.026
5.258
1.535
2.474
1.763
6.480
6.320
1.856
1.141
2.680
1.184
3.492
6.405
1.580
1.053
41.344
2.407
1.827
1.016
3.725
2.349
1.030
1.334
2.490
1.088
1.395
4.769
1.443
1.352
1.081
6.627
2.275
6.827
1.981
1.405
1.251
2.110
1.869
2.918
4.060
1.067
1.876
6.154
1.326
1.486
7.645
11.192
1.750
4.310
17.974
3.765
1.015
3.601
22.497
1.024
6.249
2.207
1.110
1.641
3.890
2.284
1.351
2.350
2.524
1.195
1.137
4.222
2.160
1.350
1.056
1.138
2.251
1.922
1.521
1.342
1.156
1.302
7.667
3.354
2.069
2.717
7.830
12.352
1.276
4.348
1.428
5.214
2.635
77.872
5.737
5.824
2.940
1.181
3.020
1.343
2.298
1.319
1.061
1.138
1.543
1.957
3.116
1.264
1.592
4.912
13.296
1.555
3.361
2.230
2.558
1.396
1.569
1.530
1.229
7.094
1.635
1.548
2.844
2.084
2.414
1.706
19.782
5.305
1.069
2.338
8.237
1.706
7.063
1.158
1.634
1.404
1.015
2.325
1.306
3.588
1.802
2.725
11.548
1.098
1.666
2.308
36.941
1.991
1.192
1.013
2.255
16.994
9.998
1.441
1.318
1.069
1.565
1.698
1.131
1.902
2.652
1.224
1.381
1.674
1.513
485.805
2.312
1.210
2.081
1.424
1.468
1.119
1.050
1.657
1.165
1.651
1.356
4.409
1.971
4.388
1.478
8.826
1.906
15.148
2.558
1.846
1.168
1.349
1.450
1.160
1.042
2.372
5.274
1.762
1.639
2.827
4.026
23.847
2.830
6.019
8.719
1.104
2.131
32.742
11.552
2.550
26.414
5.870
2.894
1.177
2.203
2.017
1.099
8.731
2.098
12.504
1.456
2.218
5.963
1.157
3.114
3.208
1.546
3.799
2.699
2.051
38.620
6.283
2.080
1.059
30.506
1.399
7.678
21.062
4.397
9.017
2.696
2.032
13.368
4.130
1.515
2.045
1.313
2.472
48.782
5.705
1.264
2.290
2.768
1.432
43.082
2.674
1.360
3.967
1.428
15.255
3.526
1.251
1.193
18.637
7.424
1.899
89.156
2.989
1.744
45.437
2.788
3.188
