1.045
2.320
11.084
2.266
3.041
1.008
1.496
1.040
15.725
2.739
5.064
2.181
4.972
1.101
3.070
23.051
1.503
1.851
1.585
4.090
1.393
4.001
3.329
2.356
7.772
2.078
3.351
20.890
982.075
1.760
1.046
2.656
7.628
1.333
1.044
1.376
17.706
1.161
1.193
2.684
1.233
2.284
1.268
4.133
2.079
1.240
1.069
1.896
12.775
1.249
3.987
18.271
1.125
1.090
1.400
1.234
1.138
1.404
3.131
1.631
1.636
1.119
6.287
1.163
12.726
1.467
1.044
2.616
27.991
1.242
1.267
1.484
2.218
4.429
1.452
2.295
1.388
1.913
2.503
1.450
5.190
1.751
2.385
1.180
1.643
3.557
2.625
1.073
2.044
1.259
1.341
7.337
11.691
1.252
4.544
1.872
1.580
3.356
1.160
6.322
15.039
1.470
85.596
3.859
354.904
2.414
1.614
8.262
1.528
2.664
3.649
1.064
3.583
1.735
1.077
2.858
1.315
1.076
2.268
16.259
1.562
4.924
247.950
1.378
1.295
1.038
12.619
1.813
1.888
1.125
4.045
1.254
5.210
3.525
1.630
2.347
77.300
18.408
2.049
1.408
1.368
6.768
1.717
1.897
2.769
22.505
1.831
9.908
1.564
29.585
1.597
2.533
36.483
6.280
2.382
6.988
1.260
6.490
4.258
2.281
3.255
1.243
5.580
1.058
1.426
1.250
3.774
15.912
6.504
4.450
79.785
2.681
1.662
1.428
1.432
1.434
2.093
1.395
3.120
55.611
3.841
4.896
3.076
20.908
6.677
200.345
1.027
1.675
1.441
6.853
33.782
1.144
1.005
1.537
3.049
1.840
1.198
1.126
1.262
1.633
1.968
38.893
1.507
2.474
9.743
1.093
1.106
5.613
1.462
27.801
4.597
9.819
6.013
4.493
1.144
1.597
9.999
1.458
3.529
5.145
1.115
1.989
1.599
2.739
2.282
7.474
1.042
5.146
3.434
1.427
6.473
1.460
1.147
1.476
1.043
1.096
18.408
3.633
3.112
3.301
26.776
2.517
2.376
1.136
16.018
359.271
2.830
1.183
1.095
1.211
4.163
1.225
3.528
1.345
2.627
1.087
16.420
2.246
2.007
26.366
13.717
1.553
1.591
2.670
2.188
7.041
1.777
12.595
1.621
1.591
1.839
2.183
2.397
138.751
28.004
1.815
2.519
2.708
12.636
1.036
1.184
9.709
1.024
1.365
1.068
1.141
1.519
2.296
2.604
3.015
1.009
1.922
2.332
1.134
5.611
2.974
1.611
1.271
6.276
1.065
1.035
3.286
5.822
1.009
1.293
2.026
50.429
14.039
2.414
1.113
3.109
6.835
2.595
2.833
2.663
1.805
2.105
4.168
10.402
3.371
3.349
6.736
1.786
1.479
2.802
1.517
1.688
1.728
1.414
1.131
1.209
11.610
10.514
6.985
115.639
20.351
1.252
2.549
1.678
117.716
1.467
3.379
18.785
2.135
2.133
5.135
1.405
2.749
1.287
2.352
5.278
1.022
2.448
8.561
6.653
2.669
1.947
1.052
5.893
3.366
2.192
3.225
3.899
2.240
3.777
2.611
45.360
2.683
3.763
3.337
1.750
89.049
1.062
2.379
3.499
1.502
10.020
3.275
1.713
13.603
4.256
6.730
6.657
1.881
1.083
3.986
1.096
5.308
2.024
1.081
1.596
1.015
22.434
1.228
1.652
2.131
1.753
10.151
1.093
3.662
11.643
1.746
22.333
2.864
1.083
8.210
13.017
1.767
3.218
6.935
8.968
9.356
1.043
4.110
1.356
1.360
6.300
1.263
1.051
1.032
1.053
1.187
1.327
21.028
1.802
5.453
3.150
1.172
1.704
1.846
1.556
2.178
1.393
2.687
1.343
1.052
38.287
1.060
1.056
1.218
1.336
2.142
4.593
1.938
27.899
6.084
1.177
2.449
1.635
2.661
1.757
1.242
2.070
20.018
8.674
16.335
1.146
1.646
3.198
1.304
1.115
2.426
1.218
1.407
2.703
1.967
2.122
1672.010
1.217
1.255
1.072
3.348
6.608
3.691
2.577
1.365
1.519
6.802
1.049
2.358
3.244
2.362
2.833
8.783
26.095
7.294
1.297
1.436
11.368
3.039
2.276
1.804
1.130
3.609
2.383
3.888
5.876
1.530
5.068
2.571
2.116
1.142
1.066
1.874
18.029
8.766
7.242
1.091
1.684
5.871
5.376
2.808
258.816
1.134
6.467
2.954
1.579
1.867
1.816
1.199
5.293
2.301
1.748
7.967
1.340
1.710
1.430
10.310
11.138
6.055
1.790
1.702
3.376
8.627
2.071
1.529
1.266
2.841
1.977
1.393
13.164
1.729
8.370
2.686
8.441
23.742
3.189
2.329
1.749
2.666
3.619
2.386
17.553
2.585
67.182
1.443
2.882
1.460
5.065
1.239
4.089
4.277
1.820
1.104
3.282
161.638
19.956
2.161
1.353
6.060
3.214
2.316
3.417
303.856
2.732
6.243
7.909
5.162
1.710
1.259
3.966
10.388
2.055
4.554
2.824
1.948
11.357
1.990
1.778
1.017
11.292
1.081
11.225
2.266
1.066
20.477
1.244
1.159
2.043
2.186
1.237
2.981
4.105
2.183
1.652
1.461
1.771
2.203
93.512
1.062
2.896
1.661
5.076
2.070
3.243
3.556
4.286
1.628
3.913
1.696
1.209
2.249
1.440
1.072
1.760
2.465
1.632
1.141
5.541
3.964
7.647
1.107
1.690
1.813
6.011
1.038
11.949
5.529
7.582
1.561
1.214
11.553
3.863
1.041
6.068
15.527
1.840
5.262
24.781
1.012
1.072
2.342
3.506
1.220
1.340
4.576
13.561
2.481
1.604
1.024
2.446
4.078
1.087
3.636
4.365
2.506
2.502
2.305
12.030
2.367
1.230
2.959
1.172
1.521
1.253
1.497
2.989
1.525
2.158
24.944
3.495
6.258
2.833
15.260
1.207
1.481
4.264
1.309
1.571
1.725
1.340
1.131
2.226
2.362
1.009
1.833
1.136
3.879
5.532
1.302
1.278
1.053
1.707
3.693
4.989
5.167
48.284
2.490
1.306
1.685
1.240
2.011
1.189
1.431
2.794
1.551
1.842
1.024
18.008
21.008
1.387
1.855
1.717
2.932
1.539
1.075
1.326
20.915
2.650
2.193
5.969
3.676
1.018
2.064
11.743
37.861
5.843
1.714
2.494
1.973
2.610
1.310
1.023
37.274
4.197
4.640
1.653
6.748
1.227
1.006
1.612
2.234
1.287
106.233
4.640
1.764
1.620
8.397
1.189
1.129
1.008
1.484
1.552
5.206
1.510
8.632
1.666
20.622
2.900
1.158
1.190
1.677
15.939
1.145
10.543
1.199
3.406
1.894
2.025
1.999
191.505
1.288
1.177
1.525
3.980
682.412
1.094
8.514
1.505
1.440
1.504
71.979
3.914
1.236
1.494
1.003
3.828
1.000
1.300
2.109
1.712
4.498
1.161
3.936
2.649
3.719
1.238
8.977
2.379
1.904
1.334
2.375
1.603
5.537
1.201
2.400
1.581
6.969
10.334
5.109
1.381
1.081
1.442
1.935
2.654
1.022
2.151
1.499
1.886
6.885
1.342
1.593
1.478
1.259
1.621
2.864
1.082
1.402
1.217
42.634
1.620
1.254
2.727
1.842
2.245
1.341
1.240
1.207
1.450
1.775
3.535
8.416
2.647
1.041
2.369
1.231
4.818
4.912
1.076
7.158
1.943
1.587
1.682
2.672
7.205
2.039
1.229
1.772
1.871
18.600
1.503
1.396
1.978
1.944
2.370
1.388
4.908
1.811
1.054
240.728
2.228
1.239
74.907
2.326
1.006
2.678
2.877
3.387
1.915
1.728
3.485
1.617
2.319
112.803
4.649
4.492
1.328
1.233
1.266
1.944
1.899
1.047
21.127
2.022
1.457
1.726
44.929
4.854
1.154
8.587
1.120
1.358
2.222
25.249
38.254
1.154
217.354
1.310
1.163
1.430
1.092
22.339
2.122
1.962
31.603
1.026
1.017
47.229
30.932
1.736
1.144
36.345
1.803
1.136
1.402
3.294
1.024
13.264
11.694
15.762
1.892
1.245
1.712
2.768
1.892
2.514
40.984
3.367
2.766
2.173
5.178
290.481
1.464
7.328
1.597
2.636
1.660
2.450
8.451
1.539
2.357
3.222
1.133
1.398
49.276
1.200
1.930
2.306
8.249
1.018
1.128
1.293
1.771
1.149
7.871
1.896
3.181
34.017
1.737
1.228
9.997
2.468
6.097
5.004
1.878
1.917
13.460
2.053
1.581
5.408
5.583
2.703
3.833
1.350
1.788
1.760
2.471
1.346
1.107
1.810
