9.431
1.902
7.575
11.922
2.362
3.384
4.622
1.298
3.102
5.232
8.909
2.591
4.227
3.591
1.387
5.436
9.218
2.546
4.210
2.033
5.924
3.478
1.360
10.923
1.066
1.086
706.962
1.054
4.788
132.718
1.274
1.790
1.063
1.341
8.609
1.142
9.065
1.024
3.795
2.778
1.204
3.267
270.027
1.232
1.550
1.227
3.242
1.183
1.297
4.282
2.361
1.923
17.435
104.852
2.957
7.328
1.098
10.800
2.847
4.221
3.564
15.873
3.042
1.141
6.753
1.250
561.932
4.102
1.067
1.038
3.182
1.727
2.170
1.037
7.916
103.466
1.201
2.371
1.067
2.142
2.524
1.849
4.842
3.376
2.055
1.955
2.812
9.790
1.015
1.402
1.200
83.546
33.223
1.167
3.589
14.049
1.475
2.197
6.160
1.683
4.746
6.420
128.064
1.810
1.009
1.311
22.999
4.916
1.758
4.129
4.669
4.526
12.038
11.474
1.126
2.563
26.513
5.696
8.132
4.066
1.452
3.526
5.593
3.825
5.132
86.600
6.974
8.874
10.503
2.771
1.159
4.491
2.968
2.201
2.539
2.446
29.086
15.052
2.696
1.556
1.326
2.027
3.944
1.292
2.642
54.296
1.758
4.070
1.187
3.320
1.867
1.359
1.584
6.578
2.569
1.775
1.035
2.333
1.355
2.908
221.840
1.913
2.653
31.987
48.898
1.497
2.101
5.481
1.072
156.733
1.276
2.906
1.119
2.288
1.016
1.128
2.062
5.210
2.199
1.998
1.129
13.151
1.107
6.134
6.478
3.018
6.934
2.906
1.041
1.597
16.799
1.385
1.746
1.005
19.798
7.755
1.363
1.487
2.833
1980.816
3.015
8.557
1.251
2.607
1.185
3.067
1.991
3.983
1.264
5.229
2.038
9.240
2.735
1.134
2.026
2.054
3.950
56.968
2.884
2.795
1.402
1.025
1.589
1.062
10.063
1.053
1.309
4.378
1108.103
4.546
5.134
1.776
16.423
2.291
1.171
1.026
20.514
5.401
2.575
1.554
1.389
7.818
1.380
1.889
2.268
1.566
1.476
20.492
1.322
1.421
4.819
1.118
1.320
1.801
1.113
3.915
1.712
1.140
4.366
17.102
1.314
1.655
53.889
13.542
1.513
1.084
1.067
14.915
1.130
6.006
15.337
8.621
2.963
1.467
2.209
8.717
1.766
1.636
4.208
2.434
1.097
2.377
10.989
3.975
4.156
25.492
12.119
5.679
74.740
1.551
14.695
8.237
286.045
3.647
23.348
2.090
4.871
143.436
1.126
1.840
14.140
4.171
1.661
14.129
2.477
1.980
1.448
36.431
1.253
2.130
48.474
2.433
1.110
13.016
1.292
1.012
2.437
18.843
1.974
3.282
47.624
1.058
3.373
2.860
1.804
2.300
3.372
2.157
3.188
1.302
7.239
3.862
4.997
1.361
71.385
6.851
2.077
1.952
1509.028
1.247
1.640
1.013
1.465
3.441
1.120
4.817
2.296
4.034
1.260
1.059
17.896
4.140
1.651
2.770
1.133
2.046
2.846
2.083
22.068
1.328
4.803
7.033
2.951
1.288
1.391
2.487
2.353
1.354
1.090
9.551
31.276
5.468
4.112
10.022
30.444
1.536
1.192
1.362
3.062
11.960
306.856
1.857
2.210
1.071
2.429
1.063
2.256
1.700
9.006
2.162
3.613
156.798
6.857
5.030
102.731
1.197
15.863
5.221
2.858
1.379
1.767
3.831
6.530
36.425
2.723
1.557
6.146
53.171
1.547
36.507
48.386
4.152
1.100
1.193
18.936
28.321
4.405
10.263
6.785
2.324
5.646
3.359
9.842
1.054
1.219
1.100
1.173
2.198
6.618
1.701
1.108
3.123
1.371
56.852
2.502
8.814
3.580
1.650
18.530
6.239
1.762
3.310
1.335
6.395
2.411
1.696
4.515
6.451
15.227
5.503
4.773
1.269
1.361
1.330
17.112
3.088
7.000
1.090
3.124
3.370
2.504
1.736
8.551
2.531
6.484
1.460
1.540
2.665
2.160
8.813
3.815
3.191
10.958
35.419
4.351
55.896
13.094
750.845
51.232
13.237
1.436
1.268
1.612
2.715
5.236
1.737
4.278
1.551
1.723
6.173
2.526
337.021
11.101
1.317
1.729
6.303
1.080
10.087
1.105
1.360
14.321
1.221
1.147
1.170
2.095
2.032
153.892
11.488
1.553
1.016
3.645
1.474
1.075
1.531
8.682
1.453
2.271
1.961
1.607
1.504
3.674
9.352
1.050
1.087
1.537
1.539
1.387
8.029
42.642
5.933
1.119
31.785
1.226
20.380
70.819
1.243
1.412
2.031
1.137
43.209
7.564
3.288
1.689
1.673
7.234
1.397
4.636
8.950
18.517
7.554
1.292
91.884
1.934
5.674
1.442
2.021
1.192
2.003
1.104
1.859
1.355
2.230
22.003
8.183
4.344
7.602
322.549
4.264
1.785
1.157
4.076
10.834
1.193
2.025
1.174
1.436
7.084
2.680
1.104
8.369
2.452
1082.406
7.669
1.856
7.861
1.860
1.095
1.317
3.250
5.261
16.573
3.280
1.178
1.522
2.517
6.269
5.262
132.336
11.729
1.097
1.673
1.782
8.198
1.818
2.449
3.900
1.154
12.750
2.840
1.211
1.515
4.261
56.083
1.671
1.317
4.882
4.342
1.215
1.043
2.205
1.901
9.178
1.375
1.211
38.125
4.737
3.737
42.664
1.157
1.572
1.092
1.733
1.823
1.441
1.227
3.626
1.425
7.332
15.408
7.085
3.894
1.787
1.155
1.470
1.022
2.970
1.318
21.415
3.682
3.871
37.844
21.903
2.105
1.802
4.755
3.235
5.671
2.676
3.361
3.529
3.362
11.664
1.428
1349.298
1.192
3.234
1.642
4.037
7.141
1.347
12.324
1.821
5.789
1.562
1.213
1.902
7.581
1.188
2.190
4.066
1.931
1.230
5.696
3.316
153.244
8.761
1.317
1.894
11.489
4.961
5.527
4.375
6.978
1.281
1.944
11.593
1.699
1.527
2.887
3.728
1.431
13.779
6.026
2.369
17.800
3.247
8.136
5.098
4.441
1.440
1.428
2.044
1.931
3.515
20.210
1.453
8.849
13.391
8.771
2.890
2.230
1.462
2.286
1.392
8.853
2.353
1.047
69.184
1.019
2.529
4.010
18.852
1.350
7.869
22.559
1.060
200.290
37.621
2.686
2.067
4.194
12.298
3.782
6.681
2.938
11.909
1.276
5.152
40.126
6.549
7.296
2.710
13.206
1.096
2.810
1634.610
2.127
1.110
20.858
1.118
59.188
1.633
2.265
1.588
92.380
1.139
4.656
1.034
8.421
20.596
2.785
1.242
9.454
15.654
1.172
3.724
2.872
85.098
2.215
7.609
1.766
38.567
1.570
8.443
1.567
3.805
3.402
348.700
2.033
2.858
2.078
1.289
2.159
2.795
3.805
6.738
10.716
7.002
25.563
7.860
2.735
7.768
1.521
9.635
1.510
1.506
1.020
4.313
2.191
1.436
1.857
7.634
8.744
6.799
1.311
2.388
4.877
6.333
1.169
208.080
1.585
1.976
3.623
1.618
4.044
1.841
7.200
1.273
2.266
1.144
13.774
5.514
1.151
5.396
1.102
13.518
1.323
1.256
17.630
71.499
2.029
1.034
6.425
1.647
22.235
2.544
95.290
1.088
4.258
1.268
1.142
1.759
5.912
1.344
7.984
1.207
3.260
6.501
7.327
1.168
3.923
283.015
1.694
3.460
1.416
14.797
1.114
3.860
3.912
5.074
1.054
3.872
10.557
1.422
2.267
1.615
1.002
1.575
14.783
13.961
1.711
9.072
1.453
1.285
1.420
14.066
7.072
13.089
5.887
4.660
1.051
6.684
2.232
1.403
5.445
2.092
125.158
5.470
2.328
23.069
1.271
1.375
604.888
1.252
11.163
1.566
27.031
177.633
1.866
1.791
1.830
1.627
3.068
8.971
6.533
3.915
1.313
3.673
1.012
2.979
8.480
19.128
2.856
2.253
3.111
1.928
1.333
3.096
3.077
1.622
6.798
2.881
5.249
1.199
1.630
1.236
1.468
2.015
27.006
2.759
1.091
1.052
1.048
1.838
26.986
1.608
4.903
9.954
3.032
1391.148
1.860
5.177
1.734
1.122
2.626
14.407
3.367
8.292
7.734
1.547
1.098
2.873
4.321
1.880
1.038
448.628
9.121
1.374
2.373
1.194
61.355
2.234
5.499
3.725
1.400
2.460
1.202
4.013
1344.381
1.297
2.220
225.429
1.246
1.544
2.916
1.018
2.347
23.741
1.189
2.616
2.737
5.322
20.285
1.033
1.125
11.623
36.963
4.120
8.752
2.175
