2.667
7.145
4.698
1.966
4.495
20.575
3.119
1.894
6.954
1.035
2.054
6.379
2.025
18.342
1.681
5.415
1.134
3.088
3.365
4.008
1.447
1.117
7.993
1.561
5.560
1.669
6.313
10.473
1.296
1.083
5.486
4.114
2.208
1.288
1.768
1.944
1.054
1.662
1.254
1.402
1.556
2.586
1.242
1.288
1.502
1.083
1.249
2.062
1.037
1.449
1.427
5.131
1.397
1.084
3.626
5.996
1.235
3.144
1.084
1.637
1.280
7.084
3.001
2.002
2.409
2.296
1.001
1.036
5.822
1.984
1.971
2.130
7.563
1.309
1.314
3.295
6.619
2.567
2.289
1.624
1.273
2.347
1.233
3.753
2.859
7.205
1.039
1.073
1.543
2.635
1.865
1.354
1.119
3.917
2.789
2.008
3.281
1.724
2.448
1.080
4.176
5.428
3.033
1.840
1.250
1.184
1.715
1.627
1.047
1.194
1.060
1.348
7.284
1.305
1.334
42.469
1.863
10.047
1.076
6.463
6.555
1.454
1.010
4.001
53.993
4.146
1.238
1.062
2.403
1.037
25.920
2.511
1.015
4.571
9.935
1.664
8.012
1.851
1.149
1.558
1.148
1.646
1.365
1.471
1.121
1.266
6.961
3.247
4.758
3.850
4.491
1.215
1.157
1.882
1.687
2.714
1.226
4.492
1.715
2.218
1.295
1.217
9.365
1.878
2.173
8.998
1.845
4.764
1.933
1.598
5.579
3.938
11.220
5.402
1.132
2.533
7.024
47.386
4.087
1.642
1.719
1.490
1.678
1.327
1.077
12.604
1.647
1.162
4.863
14.569
1.710
5.154
3.278
9.227
1.304
1.305
2.618
1.372
4.971
2.406
1.580
2.453
5.472
5.455
1.369
1.929
8.665
3.336
103.585
1.058
1.565
9.834
5.831
5.222
1.160
1.500
1.045
1.569
1.213
2.183
1.372
2.589
1.486
8.689
1.186
7.841
1.486
1.273
1.104
2.204
1.321
1.333
1.588
1.758
1.611
6.090
1.238
1.090
4.357
1.703
1.364
4.052
1.698
2.582
1.421
3.156
1.038
5.297
1.040
5.207
1.118
2.681
1.546
1.553
1.685
3.534
1.487
18.990
1.086
1.240
1.452
2.245
1.123
25.768
1.262
6.494
2.360
1.889
60.344
1.064
2.156
6.653
1.287
2.661
1.189
1.354
1.673
4.677
4.056
1.286
1.612
2.692
2.191
1.046
1.074
8.108
2.587
1.133
1.538
3.873
1.465
4.150
20.860
1.779
1.805
5.329
2.910
2.083
19.115
3.413
2.180
12.107
12.359
1.587
1.802
4.083
2.859
1.309
57.476
4.205
2.490
4.065
1.954
10.125
4.039
1.187
3.739
1.313
1.758
1.355
1.367
2.356
5.508
1.664
2.884
6.406
1.126
1.231
1.306
3.214
2.821
5.054
3.250
2.323
1.026
1.369
1.218
4.625
2.239
3.111
1.716
1.181
1.718
2.513
1.939
25.266
9.650
1.361
1.859
3.291
16.779
1.892
1.909
1.323
2.804
13.954
1.660
1.072
1.051
1.181
1.131
1.810
5.544
1.172
3.280
1.063
250.363
4.165
2.350
3.036
4.123
8.258
1.705
1.398
3.085
1.155
1.208
2.049
47.680
1.378
1.943
3.200
14.926
1.357
1.107
1.277
2.198
1.667
2.688
2.618
1.094
1.774
1.494
3.290
1.953
2.355
2.454
3.449
21.081
2.157
1.195
1.028
1.218
34.672
16.921
2.273
1.742
1.036
4.029
4.680
1.633
1.068
1.009
2.650
74.896
1.108
3.711
1.691
1.275
1.083
3.234
2.925
1.181
2.235
1.446
2.897
3.052
2.330
1.809
1.662
1.428
1.677
2.006
18.397
5.789
2.094
2.041
4.325
1.102
3.160
2.175
2.570
2.708
2.439
3.204
1.342
1.189
1.355
173.691
15.442
1.898
5.211
1.690
1.278
1.276
2.016
4.427
2.202
1.607
1.447
1.943
1.858
9.042
6.267
35.774
5.729
4.692
1.774
1.110
4.304
2.974
1.625
3.003
1.773
1.293
1.038
3.673
1.054
4.734
1.832
1.210
1.520
1.786
1.416
6.108
1.129
3.735
1.549
3.482
1.173
1.095
3.007
11.976
2.788
4.052
1.656
9.423
1.764
1.166
2.480
1.562
1.028
4.527
1.024
1.711
1.043
1.104
3.800
2.286
1.604
3.684
3.217
313.821
4.467
1.557
1.070
14.006
1.149
1.921
7.186
10.797
1.597
2.166
1.284
1.377
1.708
1.244
4.958
1.974
3.867
2.189
12.965
17.437
10.246
3.626
6.357
4.284
4.688
1.064
1.287
1.094
1.143
2.324
1.125
2.538
1.040
3.505
1.024
2.024
1.016
1.414
1.670
1.079
1.112
2.001
2.605
7.026
1.416
2.461
2.037
3.046
1.467
1.040
1.184
1.389
20.643
3.496
6.654
1.793
4.169
1.290
1.298
3.040
1.510
1.044
34.416
1.133
1.463
1.007
1.003
1.265
13.075
1.468
1.674
1.551
1.493
3.421
1.570
7.193
1.091
1.204
6.670
4.634
1.296
2.009
1.531
2.323
2.281
11.319
2.469
1.640
1.160
2.336
2.741
4.348
4.282
8.852
4.967
6.510
1.818
1.149
1.574
1.678
66.137
2.551
1.011
1.469
1.033
15.645
2.395
1.570
2.367
2.105
1.202
1.338
2.438
1.089
3.806
1.562
1.850
2.891
2.173
1.397
2.100
3.482
1.641
2.582
3.626
2.130
2.232
4.828
2.749
6.464
2.496
1.637
23.506
1.682
3.847
1.512
1.204
2.000
1.226
2.694
1.032
3.330
4.976
4.217
2.525
1.165
1.017
1.339
2.794
2.516
4.111
3.950
2.867
1.434
2.433
1.580
2.099
2.232
1.811
3.243
1.515
11.405
2.781
8.395
1.184
1.083
1.549
1.834
1.998
33.090
2.256
2.510
1.146
1.104
3.029
1.876
1.277
15.926
1.185
1.273
2.289
1.169
4.730
1.011
1.183
1.263
2.282
3.001
2.086
1.402
1.796
1.626
1.131
1.459
1.939
1.285
1.838
1.084
3.721
1.037
1.389
1.337
1.354
2.204
1.095
1.792
1.468
14.875
1.827
3.124
2.087
31.082
12.165
1.486
2.003
1.535
1.797
1.918
1.083
1.065
3.392
5.902
28.648
1.419
28.504
11.276
1.890
1.079
1.979
1.144
1.474
1.531
1.058
1.016
2.571
1.515
1.538
1.065
1.446
1.550
17.974
2.817
1.544
5.692
1.185
1.166
1.426
1.377
1.948
1.989
1.217
1.470
1.745
55.843
1.286
1.633
1.644
1.349
2.004
1.011
1.395
2.243
1.851
8.581
1.251
1.733
1.433
1.152
11.224
1.425
1.354
3.066
195.516
1.668
2.814
1.109
1.510
1.161
2.668
6238.337
1.360
1.423
1.106
4.033
3.380
1.012
1.488
3.906
1.341
127.697
2.047
1.421
1.487
1.925
1.737
1.359
1.052
4.225
2.048
1.302
2.326
2.212
4.727
1.778
2.504
2.145
1.500
3.035
1.822
1.583
6.600
8.205
22.044
3.977
1.734
3.987
1.459
1.546
1.268
2.322
2.794
3.562
5.019
2.576
3.182
1.414
2.790
1.094
1.724
6.821
2.245
1.204
8.609
31.881
1.021
11.178
1.757
1.012
1.918
1.284
2.903
1.963
1.198
1.383
1.881
1.074
1.417
1.092
1.221
2.311
1.277
5.392
2.603
1.547
1.729
9.575
1.770
4.422
1.683
1.173
2.092
1.805
1.071
8.118
6.788
1.453
4.831
2.390
1.048
1.845
1.530
1.449
1.038
2.089
2.011
1.825
18.403
2.566
1.104
8.555
2.158
10.579
2.438
3.011
1.472
1.586
29.074
2.875
1.785
6.071
4.193
1.789
1.051
6.441
13.788
2.763
4.080
25.480
6.664
1.661
2.293
2.714
10.687
13.974
10.204
1.688
1.775
1.177
1.451
2.992
1.544
1.091
328.623
3.742
2.065
2.421
5.183
1.244
1.528
1.625
1.149
1.629
1.177
1.713
1.005
1.993
3.395
4.391
1.056
1.174
1.035
2.431
1.164
3.791
17.459
1.067
1.580
155.397
1.245
1.542
1.043
2.805
1.384
1.018
3.691
1.057
2.408
1.211
3.336
1.533
2.289
2.458
2.157
1.864
1.343
1.572
1.091
1.517
11.159
1.187
9.702
1.281
2.938
1.061
2.259
3.582
1.805
2.825
2.661
2.762
6.552
1.086
1.943
1.083
11.165
1.817
1.160
11.886
6.244
7.405
7.984
1.863
8.878
1.430
3.337
1.165
1.811
