2.713
1.057
2.499
2.234
1.047
1.774
5.484
3.957
5.550
1.309
1.245
1.022
5.689
22.130
4.146
3.961
1.505
1.360
3.461
2.291
1.016
16.784
2.560
4.926
2.460
18.878
1.415
2.099
2.176
7.272
2.160
1.303
5.713
1.224
1.864
10.955
4.685
1.141
2.004
1.021
1.190
3.460
1.501
1.337
1.574
5.096
2.666
3.156
4.778
3.142
1.755
1.267
1.424
20.569
3.152
1.653
1.154
1.117
23.390
1.047
1.866
1.574
1.136
1.646
1.105
2.276
1.793
1.723
109.151
6.231
16.632
1.025
1.081
2.401
1.625
3.566
1.190
65.678
2.513
4.989
1.122
25.408
7.724
3.022
2.860
17.850
1.234
2.376
1.598
4.252
1.701
5.188
1.489
1.596
1.312
2.572
2.346
1.038
1.736
1.682
1.143
1.784
1.726
1.392
1.602
10.572
1.970
2.627
3.235
1.444
3.366
8.569
1.147
17.278
1.221
6.811
1.669
1.525
8.685
1.009
1.810
15.737
1.764
2.088
3.616
3.449
1.042
2.043
3.179
9.371
11.024
1.748
4.148
1.834
1.060
3.360
1.199
5.704
3.620
2.332
3.310
1.485
1.207
6.600
1.698
60.692
4.540
1.266
33.873
1.022
1.362
3.873
1.295
12.922
1.372
7.294
1.242
1.366
1.776
6.040
2.788
1.069
2.476
4.629
3.053
6.243
15.639
1.149
8.778
8.784
2.788
1.429
3.161
26.480
1.644
1.681
3.426
1.993
4.508
1.417
1.520
2.891
1.670
1.319
1.687
2.611
4.289
1.874
1.395
1.900
4.813
8.515
1.175
1.597
1.329
3.266
5.658
1.580
1.289
1.202
1.975
5.342
11.088
1.303
2.807
1.429
12.516
1.558
30.281
1.731
1.859
1.088
13.772
1.466
1.186
5.625
1.609
1.585
1.670
11.181
1.407
2.253
1.025
1.033
6.204
2.763
92.008
1.110
1.223
2.919
1.107
1.529
4.445
2.598
3.758
1.844
3.957
1.595
1.107
1.659
1.193
1.569
1.121
1.682
1.055
1.019
14.074
5.487
26.903
3.616
4.117
5.927
1.774
10.693
5.534
1.172
3.515
3.584
1.981
1.594
1.116
2.597
38.330
1.447
1.590
1.159
1.630
1.735
1.030
5.322
1.230
30.259
3.170
1.401
1.115
4.282
1.461
1.040
1.589
2.274
4.985
3.490
2.466
1.022
1.632
2.089
2.275
2.097
2.464
6.783
1.322
2.764
1.441
2.337
9.545
9.919
1.486
2.396
24.422
3.218
1.426
1.195
5.275
4.460
1.582
1.191
3.337
2.274
2.259
1.193
1.095
2.719
1.300
1.387
2.614
6.371
13.933
3.559
26.764
1.104
2.123
1.841
2.157
1.653
2.961
6.168
8.234
1.437
2.044
1.486
1.198
1.577
5.880
1.489
3.253
3.331
2.698
4.864
2.600
2.499
2.663
2.198
1.081
5.903
1.723
1.010
1.446
1.235
4.439
1.012
2.810
1.508
16.443
4.834
2.620
4.033
4.276
2.174
1.045
3.814
20.937
1.635
5.311
1.061
8.959
1.766
6.783
1.510
7.010
3.434
2.740
1.010
1.465
1.322
3.945
1.070
1.429
1.990
6.052
1.108
1.601
2.080
3.710
48.728
1.096
1.043
1.582
1.232
1.620
8.468
1.324
4.982
1.441
9.860
6.086
1.586
4.625
2.464
1.137
1.385
10.773
42.168
1.074
1.258
1.016
7.614
1.779
1.002
32.309
1.068
3.951
1.906
1.996
6.427
1.297
1.249
52.646
1.371
2.724
2.223
1.611
3.028
1.270
3.007
1.569
3.115
1.901
1.787
2.207
4.131
2.019
2.164
1.506
15.998
2.085
5.001
1.342
1.570
4.210
1.239
2.370
33.309
5.099
2.100
60.271
3.579
4.648
2.369
3.259
70.977
2.371
1.386
2.516
115.608
1.757
4.172
1.832
1.306
18.482
1.780
2.360
67.618
221.583
37.548
1.351
1.866
3.552
1.713
2.323
6.309
1.618
5.317
1.525
1.283
42.159
1.345
32.640
1.367
11.940
1.243
1.020
30.395
1.164
1.119
4.796
1.204
18.603
12.441
14.149
12.506
1.751
1.233
3.420
1.738
3.412
1.588
1.852
1.157
2.561
1.343
3.613
1.485
4.103
1.707
1.082
5.030
80.078
3.461
8.533
9.439
2.554
1.209
12.131
19.289
1.313
3.380
1.808
1.419
1.401
1.916
1.453
1.829
1.022
2.063
2.046
22.747
1.762
3.811
1.156
1.137
1.514
1.498
1.325
5.172
14.833
10.832
3.116
26.299
4.081
1.363
1.727
1.366
2.077
7.103
1.045
4.060
1.689
1.351
1.882
2.085
19.429
3.251
3.882
2.159
2.333
1.865
1.440
4.178
1.202
1.212
3.336
7.683
1.079
1.211
2.550
1.454
3.208
1.377
1.305
1.513
3.127
2.370
1.983
1.043
21.476
2.761
2.387
15.911
13.044
1.493
15.195
2.894
1.195
13.081
2.192
1.878
3.267
3.160
1.144
11.065
3.708
1.015
3.175
7.454
1.391
1.974
11.152
476.556
2.443
1.661
1.269
1.062
3.590
3.661
5.079
1.688
1.087
1.084
2.354
1.292
2.100
1.509
1.186
1.181
2.280
4.895
1.510
2.664
2.419
1.371
3.608
1.154
1.049
1.078
2.393
11.550
1.636
37.873
2.678
6.560
17.975
1.500
3.329
12.880
5.942
1.077
1.936
6.368
1.221
2.899
12.577
1.201
2.313
1.147
2.884
3.245
1.308
4.486
10.985
1.074
28.182
1.872
1.656
1.605
1.384
1.204
1.017
2.562
1.481
1.409
2.325
1.477
2.607
2.146
1.018
1.026
31.496
1.331
1.255
1.317
2.259
1.185
1.481
25.750
5.394
1.284
3.550
8.011
1.862
2.201
4.320
1.874
25.961
1.133
18.753
6.959
1.544
1.392
1.622
4.617
2.403
4.481
1.225
2.643
3.721
59.603
1.220
1.042
8.804
1.039
1.882
1.682
1.333
1.836
1.080
1.238
1.260
3.885
1.831
40.557
1.827
7.390
1.956
2.703
1.173
7.522
1.466
2.228
3.979
1.526
1.783
7.529
22.051
1.331
1.636
3.706
1.302
1.525
1.470
3.123
22.189
1.855
6.239
487.585
2.611
3.161
2.077
1.277
4.212
2.163
4.858
1.197
3.939
1.011
3.547
1.519
1.455
1.154
2.309
10.296
1.292
1.421
4.855
4.082
4.373
3.229
1.222
34.255
1.913
6.360
1.161
1.006
6.210
1.391
9.815
1.212
9.066
5.902
56.627
2.493
2.013
28.414
3.228
1.075
1.343
2.506
1.130
1.992
1.198
2.276
1134.455
2.297
2.124
1.872
37.452
1.448
1.673
1.453
4.388
1.008
2.422
1.305
1.031
5.787
1.347
1.074
1.145
1.583
12.233
5.184
1.050
1.749
1.330
2.273
3.406
2.964
1.032
15.146
3.203
101.907
1.402
4.977
2.272
2.463
1.037
2.341
2.108
16.089
2.927
1.407
1.177
1.147
1.360
10.480
1.208
1.210
1.045
5.171
1.391
7.844
1.460
3.198
1.436
1.010
3.723
5.633
1.627
4.958
3.156
1.554
2.084
2.608
1.762
4.913
2.058
3.639
1.578
1.492
3.398
2.070
1.037
14.459
8.305
1.274
7.976
1.062
1.405
4.768
2.337
1.029
1.584
1.237
3.318
1.078
3.342
4.162
1.368
1.969
2.575
38.710
2.430
11.458
3.017
2.169
10.211
1.731
1.237
35.492
1.360
3.302
4.610
1.011
2.903
3.098
1.376
1.849
1.291
1.447
1.300
8.710
2.018
1.680
1.207
259.750
56.994
1.115
2.876
5.230
3.301
1.371
4.212
2.632
1.184
1.100
12.510
3.459
3.490
2.001
8.955
3.365
1.076
4.515
2.063
5.211
1.078
3.378
3.705
1.523
2.168
2.144
8.399
1.377
1.080
1.539
2.364
1.077
6.357
6.964
2.878
1.240
1.102
11.106
1.209
1.012
1.115
1.008
136.025
1.028
5.667
1.037
1.621
3.308
31.197
1.928
1.151
1.890
127.966
1.847
1.297
1.981
13.700
6.348
1.022
2.636
3.638
2.288
2.617
4.310
1.817
2.372
1.025
1.180
2.057
7.321
1.981
3.576
19.466
28.091
101.446
1.135
1.428
1.772
2.784
1.337
1.344
3.230
1.552
4.269
1.654
4.069
1.045
6.354
1.702
19.228
4.309
1.885
4.379
3.864
1.418
2.035
1.655
1.999
1.248
1.332
1.166
3.515
1.863
13.848
1.838
1.165
