1.009
1.197
4.297
3.439
1.253
3.213
1.936
1.307
14.371
4.559
1.379
9.669
3.596
4.166
4.518
1.808
2.167
1.982
2.054
17.939
4.939
2.967
1.983
1.753
1.353
3.486
2.313
4.268
15.692
1.687
4.872
5.378
1.809
4.099
5.341
23.315
1.241
21.991
2.799
4.123
2.974
2.726
1.132
14.296
1.781
2.539
2.793
63.159
1.274
1.126
1.502
1.837
7.867
1.499
2.146
1.589
5.135
2.529
2.744
1.405
3.952
1.442
4.492
1.178
139.809
1.017
1.130
2.763
1.266
4.706
1.534
2.169
1.323
1.446
2.327
6.411
2.411
1.908
1.520
1.569
21.690
1.883
1.211
10.800
2.706
1.833
4.828
23.100
1.791
1.103
2.847
3.364
2.373
4.548
2.142
18.292
26.694
1.838
1.139
3.268
7.573
3.013
3.553
1.382
1.637
1.214
1.276
1.160
27.861
2.215
1.028
2.415
1.459
11.973
15.073
2.218
3.677
1.019
4.271
1.332
2.714
1.017
1.543
2.310
1.498
2.038
1.582
32.972
1.134
67.229
1.865
4.402
16.438
1.176
2.753
2.504
5.227
1.117
1.909
1.990
8.593
1.424
45.504
150.340
5.019
1.167
2.399
1.387
8.926
1.482
1.338
2.171
1.793
6.465
4.225
1.246
2.921
7.189
3.720
1.127
2.244
2.421
45.807
1.573
25.142
3.169
46.288
1.387
11.884
25.115
11.069
19.061
17.706
1.633
1.392
3.849
2.487
4.354
1.678
7.130
1.713
1.286
1.222
1.567
1.027
1.662
2.134
1.067
3.632
4.075
3.046
2.212
1.710
4.061
1.197
1.016
1.078
2.309
8.525
2.778
3.432
1.116
126.222
1.469
16.492
3.280
9.862
1.267
26.063
4.116
1.525
2.601
36.630
345.623
1.197
1.118
13.289
174.571
1.767
50.932
1.082
1.300
2.596
10.308
1.941
7.437
4.355
41.935
1.454
2.094
1.181
540.983
2.306
2.813
14.549
1.780
1.317
2.434
11.123
2.647
35.304
1.490
1278.193
1.929
13.227
47.544
9.315
3.968
15.872
4.786
5.549
1.371
3.465
1.779
931.276
1.172
2.081
1.647
1.662
1.952
2.243
3.060
1.447
3.605
6.899
7.657
4.592
1.040
1.565
1.907
1.997
2.801
9.789
10.481
1.537
7.348
1.097
5.597
5.256
2.234
1.223
2.365
34.074
5.052
1.568
1.003
5.128
5.845
4.579
1.558
1.042
1.610
3.169
4.620
2.323
1.243
1.238
1.230
24.275
1.382
1.695
1.610
1.526
1.025
4.714
86.087
33.367
1.104
2.550
163.669
2.487
10.533
734.677
1.085
291.891
3.413
2.627
1528.302
2.861
2.939
3.535
2.970
1.735
1.338
1.161
8.970
107.671
7.133
1.881
1.095
1.043
85.008
5.253
4.182
1.706
7.522
1.736
14.054
3.762
6.505
1.558
8.233
3.863
13.697
1.011
1.476
1.884
35.394
1.380
3.276
1.011
2.326
1.663
8.315
2.645
1.227
1.284
1.931
1.058
1.320
7.000
1.281
8.684
3.006
1.184
32.058
20.697
4.639
2.692
3.803
1.640
2.971
1.764
28.339
1.439
2.439
1.566
4.477
6.380
7.311
5.944
3.351
6.930
24.403
3.150
1.132
26.363
3.068
320.353
2.366
1.608
2.447
2.496
1.821
2.857
3.040
1.023
11.447
3.874
1.403
1.241
4.465
2.767
5.693
37.188
1.032
1.085
8.357
1.006
107.306
18.355
9.200
7.405
89.349
1.052
9.978
1.998
1.922
17.899
5.186
1.010
1.453
11.945
13.109
1.188
1.108
6.426
4.239
1.523
3.070
1.616
24.107
1.055
15.254
281.352
1.221
1.484
10.664
1.685
1.117
10.495
11.076
3.917
2.658
8.886
4.374
1.066
1.887
1.253
3.731
178.214
2.227
3.176
139.382
1.552
3.778
10.365
6.469
1.272
1.088
3.015
1.052
3.135
2.383
1.265
1.629
1.549
10.418
6.165
3.404
14.221
1.160
9.351
2.784
1.025
1.846
1.992
23.132
1.112
3.481
342.507
52.178
5.041
1.954
2.490
4.499
1.530
1.287
5.895
2.740
2.593
21.687
1.562
50.061
1.287
2.523
1.039
3.655
1.105
4.884
3.274
2.848
1.817
4.088
4.430
2.572
1.123
2.365
1.934
2.042
1.062
1.040
2.248
9.068
3.200
1.036
1.557
3.429
126.552
1.397
2.222
3.051
7.034
2.558
6.114
1.719
10.042
32.341
130.969
1.642
1.158
33.792
12.225
13.930
2.958
20.715
7.188
34.390
11.367
11.821
3.879
1.825
1.071
13.156
3.354
1.453
24.375
4.462
4.472
1.617
1.164
2.548
2.900
1.609
1.287
4.902
1.043
1.167
6.160
902.313
447.413
4.877
1.006
1.583
1.060
3.510
16.672
17.010
7.270
3.041
81.166
3.838
1.013
1.425
6.458
2.430
5.067
94.637
1.204
2.963
1.273
5.547
9.461
2.692
1.707
1.048
1.003
4.728
10.841
2.319
11.015
1.270
1.280
15.565
24.975
17.858
1.028
59.549
6.204
7.933
5.652
5.427
3.109
1.359
1.341
16.624
1.842
13.712
1.580
1.067
2.903
1.954
2.040
1.733
1.902
18.690
8.336
7.083
3.252
2.700
1.840
59.063
1.453
1.055
24.712
1.539
1.491
17.260
6.211
6.049
1.049
4.798
1.173
76.652
2.768
4.832
6.194
9.839
1.957
4.102
29.263
35.603
2.740
3.721
3.650
5.182
1.066
3.746
1.597
1.237
4.342
91.999
1.640
2.583
1.141
1.646
61.366
1.933
1.082
1.779
290.667
80.866
7.242
3.032
2.079
21.373
1.228
5.351
1.847
1.207
1.012
7.832
4.461
1.835
1.451
4.427
1.849
1.236
2.079
3.926
1.037
4.838
1.127
1.014
1.139
15.627
255.504
1.840
5.987
4.395
3.970
294.888
1.291
3.057
170.113
1.744
1.699
1.253
1.786
3.594
1.433
4.880
63.009
14.856
1.470
1.143
3.971
5.274
1.071
1.052
1011.019
1.630
1.653
3.587
2.114
50.598
2.610
8.089
314.606
3.219
2.327
2.343
1.285
1.155
1.344
1.789
10.389
1.179
1.027
378.168
5.771
1.018
4.508
1.047
1.024
1.072
3.173
2.274
1.653
1.701
12.554
1.321
3.188
1.535
3.516
3.036
1.037
1.052
2.278
1.417
1.565
1.297
1.408
1.009
1.588
3.739
1.203
13.596
46.421
1.233
1.011
2.863
20.064
1.463
2.881
4.664
14.028
8.882
1.177
1.047
1.081
1.599
1.835
19.163
1.792
1.270
2.493
2.285
3261.730
5.115
1.626
9543.758
3.747
1.167
71.581
1.957
2.511
1.030
1.405
6.718
12.525
1.986
23.626
6.403
76.682
100.493
128.285
1.731
1.015
1.069
1.903
4.141
1.142
8.523
3.238
35.009
6.806
2.511
52.399
30.347
1.721
1.228
2.738
2.449
2.701
14.381
2.490
5.509
6.874
3.697
11.456
3.056
1.323
1.024
101.922
2.137
2.204
34.447
3.160
2.000
1.767
1.091
1.676
248.638
2.904
1.404
1.886
1.567
1.625
2.703
1.001
1.100
5.463
4.960
1.080
1.204
1.322
1.748
1.156
3.524
56.120
3.641
1.598
1.935
4.001
2.354
3.036
11.920
1.462
2.599
15.950
9.086
2.507
6.019
1.091
8.301
6.729
8.787
11.895
1.014
8.989
1.507
2.088
8.363
1.027
23.913
2.317
1.900
11.784
16.963
6.417
3.018
39.838
81.217
2.546
1.367
1.023
14.759
1.098
1.907
1.010
2.458
1.291
1.219
3.000
3.939
28.157
1.365
1.230
3.622
1.786
1.554
1.663
1.115
1.021
11.522
2.854
35.583
37.245
3.387
2.512
1.234
14.190
9.331
1.126
1.693
1.358
1.621
674.933
1.586
3.831
4.754
2.300
9.429
2.218
39.044
1.467
3.347
2.538
7.884
59.333
1.696
1.088
7.635
1.496
4.750
2.505
3.109
1.332
1.122
10.862
2.468
5.025
1.963
45.957
8.400
10.383
1.643
1.809
3.570
66.747
11.133
2.012
1.827
3.974
11.692
1.123
1.350
1.318
2.441
1.196
2.806
30.398
1.424
5.266
12.526
1.193
3.677
2.781
1.970
1.424
1.116
1.794
1.567
4.029
3.712
3.675
1.051
1.238
1.592
1.718
1.449
12.765
52.184
6.613
1.165
1.014
65.605
2.223
4.034
4.227
1.454
1.070
1.576
28.189
2.266
11.852
6.095
1.021
2.023
