3.794
1.550
7.885
1.991
1.781
2.613
2.714
1.236
1.310
2.150
2.435
1.164
1.540
1.029
138.000
3.675
1.947
1.045
6.191
3.284
1.261
1.119
1.144
1.179
7.761
54.575
13.407
7.772
4.621
1.049
3.579
2.653
3.740
1.012
1.220
3.572
1.024
33.807
8.096
1.387
7.851
2.632
3.288
3.026
2.369
1.248
2.276
5.747
9.292
2.217
1.114
1.465
1.610
2.286
1.622
3.147
1.009
20.062
1.001
1.535
7.745
1.115
1.736
1.644
1.789
1.119
6.333
1.660
1.518
4.908
1.143
2.471
1.330
2.405
4.839
1.052
3.522
2.465
1.211
1.322
1.488
2.123
3.209
2.026
1.666
1.315
4.241
1.479
5.316
3.544
1.079
3.906
1.514
15.193
230.022
2.517
11.811
2.891
1.637
1.730
6.283
2.233
21.659
3.158
1.513
2.302
1.209
7.027
2.078
2.537
1.597
2.622
1.261
1.963
4.463
7.520
3.513
1.160
1.670
2.359
1.964
1.863
1.693
5.133
1.002
1.159
8.962
11.806
2.058
2.762
30.142
2.867
1.069
4.418
2.874
1.527
2.061
1.483
6.723
2.804
2.282
1.783
2.734
1.140
1.121
1.659
1.331
3.650
12.508
1.058
2.447
5.050
1.303
5.454
1.215
5.124
4.471
6.618
238.268
1.003
3.468
2.842
3.821
1.287
1.137
1.722
1.018
1.386
1.439
1.027
1540.303
1.226
2.516
5.465
1.355
1.265
1.730
2.364
1.528
1.085
1.668
1.069
2.458
7.296
2.227
1.495
3.309
1.780
1.225
1.533
7.678
3.514
2.394
1.213
1.023
1.212
4.129
2.099
5.082
4.411
1.519
1.202
1.478
2.584
1.104
1.312
1.771
1.191
3.717
2.196
1.077
1.226
3.090
4.530
90.670
2.923
1.256
1.052
5.216
2.419
4.770
1.547
1.136
1.292
2.693
3.002
2.872
1.530
1.379
2.703
5.795
1.031
1.304
2.428
2.043
2.509
3.392
1.047
1.631
3.889
1.543
1.765
1.139
1.294
4.801
3.065
1.000
3.005
1.042
2.952
2.297
1.355
1.517
2.263
3.537
1.329
1.018
1.627
1.164
131.447
1.244
1.799
25.035
1.957
1.095
4.419
1.984
2.700
1.904
3.905
1.439
1.114
4.645
4.072
1.212
1.441
1.740
4.873
1.163
1.210
1.887
8.581
1.928
1.380
1.448
1.875
3.720
6.855
2.945
1.081
2.002
1.503
1.541
2.693
216.900
56.003
2.495
4.988
2.265
2.538
1.754
2.212
1.733
1.751
1.069
3.217
1.156
8.437
4.201
2.067
14.848
1.052
28.374
3.983
1.175
3.923
6.812
2.800
3.223
1.909
1.154
2.319
1.343
1.325
1.141
1.003
1.260
7.918
7.433
1.227
1.126
1.009
8.751
1.705
1.137
3.033
1.205
1.141
11.685
1.108
2.929
4.272
1.024
1.265
2.354
1.528
1.543
1.038
1.400
4.479
1.658
20.405
1.297
3.053
1.060
4.581
1.903
1.202
2.025
1.012
2.342
16.310
2.484
2.830
1.959
1.548
2.076
6.511
1.001
10.482
2.113
1.937
1.101
1.707
3.727
22.449
1.262
2.443
3.062
22.879
1.353
4.253
1.459
6.625
1.434
1.272
4.432
1.243
41.227
2.077
2.647
1.278
2.382
1.608
1.512
1.024
1.202
1.149
16.465
22.043
1.114
2.119
62.532
2.293
6.162
2.964
10.685
1.118
1.432
1.201
5.378
1.214
1.602
1.926
26.476
1.094
14.617
1.490
3.270
4.974
1.958
4.160
7.285
2.391
1.565
1.288
7.915
1.331
7.536
1.126
1.282
1.001
3.490
3.226
1.378
1.098
20.038
6.260
1.525
1.525
1.470
1.484
1.065
1.007
1.939
1.156
1.422
2.947
10.733
4.323
1.209
4.196
1.309
2.234
7.021
2.083
3.321
3.314
6.566
1.346
2.602
4.875
1.994
9.472
1.222
3.647
1.113
20.521
2.748
1.623
10.999
1.471
3.633
1.252
2.538
4.793
1.431
84.797
1.902
21.749
1.233
3.159
1.435
2.807
2.572
1.573
1.489
4.308
4.623
1.148
2.207
30.873
1.336
6.593
4.106
1.266
1.023
1.130
1.187
1.393
1.279
4.147
1.637
1.808
1.277
1.767
1.841
1.049
2.055
1.174
1.064
1.059
8.092
2.238
1.621
1.697
1.125
1.311
1.104
4.219
3.659
1.050
2.016
1.665
4.634
21.922
1.068
2.695
1.176
1.222
1.267
1.159
2.405
1.595
1.127
2.446
1.341
1.275
1.932
2.181
3.019
2.289
12.963
1.949
36.034
3364.965
2.136
2.796
1.453
1.132
1.089
1.711
3.957
1.110
2.301
2.745
1.472
1.337
2.837
1.538
6.176
1.766
2.688
5.624
1.674
7.948
1.312
126.463
5.701
1.648
1.819
3.099
1.126
1.201
1.008
1.898
498.569
1.029
14.288
1.991
23.637
2.860
17.491
2.743
2.289
1.864
1.082
2.239
8.492
6.320
3.751
5.913
1.822
1.254
1.315
1.261
1.024
1.086
2.743
1.813
2.232
1.192
30.389
3.556
1.321
1.504
1.482
2.045
7.457
5.408
2.390
4.069
1.134
5.932
5.258
1.446
5.621
1.371
2.773
1.055
1.275
5.065
3.799
2.213
1.482
3.551
1.513
1.052
1.508
1.432
1.563
1.245
1.034
2.987
1.641
2.393
1.811
2.404
3.210
1.053
15.319
1.481
2.212
1.173
4.520
4.900
1.316
1.780
1.820
1.692
2.109
1.690
1.039
3.983
9.602
1.208
1.240
1.440
1.156
1.138
2.107
1.554
2.009
1.082
11.090
2.689
3.827
1.036
2.077
1.105
1.946
1.155
2.024
1.588
1.056
1.172
1.115
4.211
1.489
1.008
1.035
1.297
1.237
2.818
4.391
2.451
1.189
6.452
2.046
2.211
8.008
4.932
15.129
1.588
2.301
2.046
3.928
1.068
1.381
3.233
1.178
1.183
2.785
2.149
1.012
10.257
16.262
1.430
1.001
2.440
1.108
1.746
1.402
8.695
1.084
2.149
3.738
1.021
6.912
1.391
1.636
3.750
1.424
1.380
1.571
1.277
1.413
4.083
2.668
1.824
1.478
1.355
2.479
1.541
1.297
3.504
2.737
3.277
1.966
6.843
3.293
1.025
1.435
1.636
1.315
169.227
10.642
2.201
7.907
1.059
3.682
1.119
14.036
5.646
6.580
1.123
9.577
2.319
2.189
1.909
1.179
3.244
5.238
1.104
2.615
2.133
1.632
1.667
7.140
3.796
2.067
1.199
2.285
2.481
4.793
1.009
1.095
16.902
2.367
3.999
1.075
3.029
7.372
7.345
22.604
2.379
1.169
1.094
2.254
6.714
2.491
1.191
1.126
3.099
1.043
1.622
1.206
2.531
5.622
1.107
10.069
3.120
1.606
1.337
2.001
28.541
1.603
1.843
1.007
1.089
9.646
1.115
1.113
1.380
4.941
2.041
3.297
1.485
1.607
2.005
1.272
1.765
17.597
7.834
4.158
1.389
2.777
1.170
12.392
1.135
1.138
1.737
1.102
1.840
5.227
2.778
1.012
4.555
2.174
2.109
1.252
1.206
7.907
3.496
1.483
159.561
2.746
5.032
7.272
32.083
14.970
1.061
2.685
4.963
4.006
1.081
2.389
6.175
1.962
1.322
1.472
1.395
1.347
1.433
16.188
2.113
5.813
4.184
2.396
4.811
4.883
2.039
1.663
2.364
1.222
13.837
23.392
1.650
6.027
14.124
2.842
2.205
12.512
1.103
1.124
1.888
5.637
1.233
1.210
1.466
1.020
4.967
3.684
3.715
2.792
2.223
1.399
1.522
2.056
1.638
14.071
2.050
4.388
2.432
1.466
1.123
2.408
1.502
2.700
1.154
2.312
2.153
1.091
2.188
11.951
1.211
1.111
1.995
2.720
1.524
1.681
1.121
4.411
3.670
1.353
10.342
12.327
2.440
1.995
1.898
1.207
1.101
3.429
1.163
6.719
6.373
1.576
1.360
27.397
3.995
1.206
1.014
2.746
1.150
4.666
2.780
4.816
3.668
2.799
2.259
1.486
1.779
2.259
1.761
1.148
2.202
2.368
1.774
1.483
4.337
1.484
1.592
1.268
1.335
2.421
1.622
3.824
3.863
1.234
1.273
1.650
1.358
5.137
1.066
150.650
1.143
1.020
9.848
3.262
55.252
6.984
1.696
5.795
5.296
1.047
1.379
1.970
1.025
1.122
1.087
1.083
4.525
2.162
1.369
24.628
1.190
4.583
1.065
1.513
1.088
