19.850
20.595
20.886
1.575
25.545
36.244
12.162
1.374
3.182
19.764
5.686
5.410
2.458
668.676
1.823
4.984
1.187
2.351
18.767
1867.747
22.266
2.057
1.360
3.274
6.596
1.116
1.320
10.437
2.781
2.113
3.402
6.199
15.832
100.030
3.648
2.585
45.511
20.536
1.280
3.050
41.074
10.124
2.807
1.427
3.597
1.049
91.050
56.654
2.081
1.471
53.543
1.092
48.277
5.096
3.911
2.402
2.469
2.068
3.967
1.590
25.772
2.172
1.318
1.549
19.132
1.748
1.745
1.021
9.784
1.337
2.977
1.599
4.184
2.350
3.430
8.740
1.010
6.014
1.038
2.900
2.924
8.895
1.354
19.170
1.849
3.368
9.109
17.221
2.545
2.108
36.892
3.291
1.862
4.385
4.497
3.178
3.597
1.138
1.853
6.564
2.196
2.858
3.256
11.356
1.386
1.161
28.725
2.359
1.619
2.464
1.721
26.532
89.548
2.992
3.969
1.498
98.003
4160.330
1.847
11.278
2.804
7.935
1.087
11.229
1.134
1.904
12.827
7.496
1.451
4.178
2.157
3.162
7.898
2.575
163.107
2.036
1151.881
8.235
2.228
8.352
22.009
9.866
355.697
1.621
2.552
1.777
3.706
1.716
3.655
1.882
2.152
1.957
1.012
2.479
5.156
2.756
2.512
1.381
2.388
2.189
1.332
26.773
56.635
2.490
1.193
1.779
1.128
3.335
3.217
1.974
3.271
1.073
1.112
4.909
2.121
19.989
1.216
4.541
1.119
14.842
14.525
1.481
4.479
2.534
1.092
20.837
1.881
1.859
6.824
25.336
2.224
36.072
10.317
17.053
1.101
8.365
8.640
1.050
1.020
2.299
1.885
1.438
3.303
65.239
1.785
4.373
1.285
1.150
1.588
4.171
3.342
11.456
2.480
1.333
1.737
2.569
6.554
164.831
219.166
3.343
2.355
38.562
2.992
2.284
1.574
23.982
1.469
24.235
16.535
1.758
5.389
1.544
3.781
7.473
1.048
1.467
2.210
26.355
1.994
2.836
8.199
1.260
2.122
3.132
1.247
3.905
1.946
4.701
2.507
8.423
6.963
9.849
29.121
212.944
2.146
1.568
36.812
1.167
4.072
282.804
5.423
1.238
4.963
1.693
2.001
4.192
4.845
2.174
3.753
3.702
1.036
1.605
1.177
17.403
5.737
5.469
4.828
2.057
2.172
14.006
3.527
14.291
1.758
6.491
1.045
5.277
7.877
1.116
11.879
2.858
1.320
7.318
590.063
3.671
1.453
5.549
26.339
1.663
4.264
1.323
4.413
1.363
3.307
13.188
2.047
3.929
2.810
4.710
8.110
3193.246
16.851
59.969
1.359
9.537
19.525
1.146
1.971
1.133
1.582
1.882
19.887
2.917
2.420
1.581
1.114
1.679
3.434
2.270
26.434
2.118
10.839
1.455
3.468
1.559
5.397
1.044
1.884
1.889
1.238
1.914
1.554
1.120
1.338
1.912
4.533
1.321
3.514
7.089
29.001
1.336
3.836
18.142
1.106
1.517
1.773
3.058
1.224
4.038
5.747
2.653
77.607
3.041
1.841
1.812
194.476
113.090
28.913
4.156
2.691
46.861
13.564
1.446
1.287
166.397
3.721
1.703
23.147
28.024
5.083
6.843
1.797
1.594
13.777
1.446
4.051
2.397
81.366
1.198
1.550
1.328
2.820
6.294
1.851
2.684
2.024
1.562
1.003
2.210
1.512
1.211
57.819
5.585
22.805
1.403
1.196
1.820
2.602
8.105
57.110
1.665
2.516
3.766
1.806
1.006
1.639
1.122
1.510
7.879
2.676
3.122
2.640
12.565
3.472
1.737
4.034
1.276
3.491
1.550
20.293
1.300
12.195
1.456
169.370
1.985
1.793
1.119
1.544
69.472
1.452
25.052
1.467
4.846
5.207
3.278
1.382
2.102
2.382
1.640
8.072
3.330
16.373
3.022
11.750
258.121
3.127
81.364
30.942
29.956
3.161
1.300
1.615
2.268
10.543
1.057
1.613
15.690
2.357
1.005
2.385
4.065
2.242
3.832
22.293
8.740
12.841
31.507
2.556
1.153
16.241
7.259
1.919
7.070
1.328
1.206
2.136
7.571
1.332
1226.326
1.255
3.072
1.369
4.551
1.827
1.414
1.874
2.311
1.429
257.339
3.990
7.469
1.019
1.391
6.785
6.971
5.898
2.063
10.664
6.175
2.867
1.148
2.143
2.700
1.918
1.248
1.347
77.004
4.442
136.464
22.109
1.911
13.643
2.086
324.035
12.203
11.457
172.307
1.903
4.935
19.457
3.122
25.776
9.347
1.111
1.301
1.068
1.358
3.009
1.114
28.126
3.952
1.835
2.751
1.791
6.833
504.946
3.192
96.236
1.043
2.855
1.196
1.380
1.136
2.206
1.515
6.420
6.977
10.898
2.137
2.430
1.640
15.376
1.216
1.407
1.538
8.457
1.330
2.906
171.893
1.754
1.061
1.975
13.817
2.013
1.327
2.998
2.645
2.007
2.869
2.070
1.742
1.449
2.371
3.761
2.525
1.525
1.504
2.426
2.526
3.209
16.993
6.582
19.175
2.106
163.280
75.708
24.146
1.342
3.754
85.503
4.774
4.540
11.319
3.804
7.811
1.175
1.295
1.154
32.494
1.660
1.246
2.367
33.250
2.258
1.325
1.318
3.225
8.556
1.157
1.092
6.965
3.695
2.132
2.264
14.895
3.121
2.987
10.420
5.169
1.564
1.061
1.356
1.995
1.406
1.133
5.832
5.258
5.699
63.405
1.125
161.807
3.408
6.696
1.709
2.561
4.923
2.201
5.551
4.989
2.804
2.173
1.572
1.486
4.625
1.925
1.913
2.460
1.006
2.478
2.528
33.327
1.958
2.479
3.747
2.023
1.688
1.188
1.483
6.341
2.657
1.140
1.479
1.591
3.333
1.638
123.246
5.481
1.555
1.456
1.607
1.802
2.804
5.964
10.965
3.906
1.918
1.784
1.147
9.411
2.000
1.059
281.275
8.638
14.568
1.165
12.437
2.123
1.230
1.648
1.066
3.734
8.066
1.139
11.775
23.112
1.026
3.650
1.785
121.299
1.208
3.919
42.194
1.737
7.716
1.159
1.131
10.496
2.835
1.920
1.422
3.650
1.326
1.713
7.451
7.162
4.309
1.872
74.310
39.109
4.334
1.444
2.259
9.921
1.107
3.380
1.731
1.474
6.092
1.018
1967.581
19.522
1.106
1.620
1.026
13.664
1.281
33.708
1.685
1.280
3.880
1.412
221.259
1.832
2.736
1.892
4.411
1.197
1.084
1.696
1.010
1.488
1.401
2.227
2.650
10.905
1.003
3.514
6.823
2.549
1.211
2.461
1.901
2.302
5.030
1.926
5.327
3.043
2.119
1.099
2.813
2.272
1.149
1.379
28.895
13.552
2.456
6.018
4.567
2.275
27.598
2.653
6.941
2.333
1.224
6.054
16.336
1.264
4.237
22.306
11.230
48.232
1.357
1.578
4.001
12.307
1.346
1.410
1.493
35.674
7.915
2.896
4.320
3.291
1.489
9.098
4.275
2.082
20.434
8.832
4.980
1.259
4.317
1.013
2.649
1.537
6.607
3.116
3.721
3.775
2.445
6.094
31.890
4.172
1.681
1.922
6.342
44.051
17.245
1.566
19.047
32.711
3.917
5.570
621.441
12.640
16.056
1.996
2.277
2.942
1.438
2.528
6.341
1.983
1.366
1.286
1.747
5.421
1.571
1.126
48.296
1.067
2.121
1.606
2.536
1.240
13.109
2.510
118.636
6.154
1486.452
1.352
11.094
5.258
24.529
4.541
8.758
11.422
14.622
1.178
33.196
4.215
1.989
5.568
2.361
2.668
4.721
2.730
3.956
1.346
9.796
2.149
2.608
5.439
6.729
2.349
4.284
1.026
31.232
32.055
4.050
3.901
1.052
1.229
2.365
1.817
1.172
1.046
5.951
6.586
2.403
1.836
2.030
1.453
9.936
210.660
1.966
3.369
4.621
22.782
1.096
2.997
1.427
6466.295
2.607
2.098
2.367
3.075
1.765
5.867
13.161
4.303
1.059
13.738
1.868
2.409
82.262
89.229
8.474
1.745
4.540
1.329
1.072
3.233
4.605
3.493
162.139
2.945
1.052
8.618
1.006
2.650
2.994
1.633
1.201
4.697
175.936
5.583
1.107
11.069
3.340
1.002
6.254
3.061
2.384
7.051
12.598
4.644
1.008
9.781
108.873
33.397
3.823
2.191
3.280
1.059
3.279
12.697
2.168
3.841
1.076
1.796
1.239
16969.481
1.224
2.771
1.744
1.691
5.338
37.824
8251.668
47.293
17.678
183.896
1.988
2.071
1.544
1.604
30.203
7.225
2.419
1.152
